   311 
  3248 
  4216 
  5148 
  8534 
  6765 
  9097 
 15745 
  5959 
  1298 
    27 
    20 
   303 
  3370 
  5827 
 11341 
 12342 
  7671 
 19416 
 28001 
  5030 
  4281 
  1338 
   268 
   117 
   174 
   864 
   739 
  1811 
  3235 
  3994 
  2629 
    70 
    36 
    82 
    50 
   261 
   660 
  3181 
  1288 
  6422 
 12753 
 11206 
  4683 
  1517 
   117 
    74 
    60 
   139 
  1050 
  1049 
  5411 
  4970 
 16061 
 18232 
 16021 
  1700 
   407 
   126 
    68 
   109 
   183 
   321 
   493 
  1715 
  1531 
  3218 
  3191 
  4419 
   795 
   176 
    93 
    42 
    52 
    56 
   623 
   576 
   543 
   568 
   553 
   144 
    47 
    36 
    32 
    40 
    54 
   146 
   183 
   163 
   189 
   130 
   132 
    47 
    28 
    25 
    16 
  4039 
   828 
  3638 
  4832 
  7732 
  7005 
  5470 
  6630 
    28 
   372 
   166 
    86 
  6920 
 17891 
  4417 
 22236 
 29008 
 41789 
 50875 
 28341 
 24166 
  5033 
  7292 
   568 
   650 
  1586 
  6540 
   521 
 24702 
 18518 
 17285 
 22412 
 11563 
   745 
    16 
    12 
  4026 
  2380 
 11954 
 15788 
 28482 
 21219 
 22295 
 17579 
  4327 
   502 
   117 
    67 
   835 
   783 
  2267 
 24600 
 28162 
 18338 
 31653 
 17465 
  1777 
   262 
   130 
    64 
  1656 
  2102 
  3045 
 10278 
  2730 
 12475 
 21911 
 16955 
  1435 
   648 
   118 
    58 
  1143 
   544 
  8017 
 13950 
    17 
    20 
 11189 
 12361 
  5869 
  1043 
   203 
    68 
  2039 
   829 
  1040 
    17 
    13 
    15 
  9060 
  7689 
  1974 
   918 
   315 
   177 
  12 
  12 
  11 
  13 
  12 
  60 
  12 
  21 
  15 
  12 
   9 
  11 
  13 
  11 
   8 
   9 
  11 
   8 
  13 
  11 
  13 
  11 
  12 
 181 
  12 
  11 
   9 
  11 
  12 
   9 
  11 
  13 
  11 
  13 
  11 
  11 
  11 
  11 
  11 
  12 
   9 
  12 
  11 
   8 
   9 
   8 
  12 
  13 
   9 
   7 
   9 
   9 
   9 
   9 
   8 
  12 
  12 
   9 
   7 
  15 
  11 
   9 
  12 
   5 
  11 
   8 
  13 
   8 
   8 
   8 
  12 
  11 
  12 
  13 
  11 
   9 
  11 
  11 
  11 
   9 
  11 
  11 
  13 
   8 
  12 
  12 
  12 
  12 
  13 
  15 
  11 
  12 
  11 
   9 
   9 
  12 
  24 
 514 
  28 
 230 
 215 
 140 
  16 
  83 
  42 
  97 
  30 
  24 
  23 
  20 
  12 
   9 
  11 
  13 
  12 
  15 
  15 
  13 
  15 
  17 
  15 
  19 
  16 
  19 
  16 
  19 
  13 
  15 
  15 
  23 
  16 
  17 
  19 
  24 
  15 
  24 
  13 
  20 
  13 
  15 
  19 
  12 
  24 
  19 
  20 
  15 
  15 
  15 
  13 
  11 
   8 
  24 
  17 
  19 
  17 
  38 
  40 
  21 
  15 
  19 
  12 
  11 
   9 
  16 
  16 
  19 
  62 
 102 
  32 
  15 
  15 
  13 
  16 
  16 
  15 
  16 
  15 
  16 
  19 
  20 
  25 
  12 
   9 
  12 
  17 
  13 
   8 
  13 
  15 
  15 
  20 
  20 
 12 
 11 
 12 
 12 
 23 
 25 
 11 
 12 
 13 
 70 
 12 
 11 
 15 
  8 
  8 
  9 
  9 
  8 
  9 
 11 
 12 
  8 
  9 
 11 
 11 
  8 
  8 
  8 
  9 
 11 
  8 
  9 
  9 
  9 
  9 
 11 
 11 
  9 
  9 
  8 
 11 
 11 
  8 
  8 
  8 
  8 
  9 
  9 
 11 
 11 
 12 
  9 
  9 
  9 
  9 
  8 
  9 
  9 
  9 
  8 
  9 
 11 
  9 
 11 
  8 
  8 
  7 
 11 
 11 
  9 
 11 
  8 
  9 
 11 
  5 
 12 
  9 
  7 
  9 
 11 
  9 
  8 
 11 
 12 
  9 
 12 
 11 
 11 
  9 
 11 
  8 
  9 
 11 
  8 
 12 
 12 
 12 
  9 
 11 
 49 
 19 
 24 
  9 
  9 
 13 
 11 
 11 
 12 
  8 
 12 
  9 
  5 
  8 
  9 
 12 
  8 
 11 
 13 
 11 
 11 
  9 
 11 
  8 
 11 
  9 
 12 
  9 
  9 
 11 
  9 
 11 
 11 
 12 
  8 
  9 
  8 
 11 
  9 
 11 
  8 
 13 
  9 
  8 
  9 
  9 
  9 
  9 
  9 
  8 
  9 
  8 
 11 
 12 
  8 
  9 
  8 
  9 
  7 
  8 
 11 
  9 
  9 
  9 
 11 
 11 
 11 
  9 
 11 
  9 
  9 
 11 
  8 
 11 
  8 
 11 
  8 
 11 
  8 
  9 
 12 
  9 
 11 
 11 
 12 
  8 
 11 
  7 
  8 
  8 
  9 
  9 
  9 
  13 
  13 
  16 
 693 
 196 
  16 
  13 
  25 
  27 
  13 
  17 
  82 
  11 
  13 
  16 
  16 
  16 
  16 
  17 
  15 
  17 
  15 
  16 
  16 
  15 
  13 
  16 
  17 
  15 
  12 
  21 
  17 
  16 
  15 
  15 
  12 
  16 
  15 
  17 
  12 
  12 
  16 
  11 
  16 
  17 
  15 
  12 
  15 
  12 
  15 
  15 
  19 
  12 
  17 
  12 
  15 
  16 
  23 
  16 
  12 
  15 
  15 
  17 
  12 
  13 
  11 
  13 
  12 
  12 
  12 
  12 
  16 
  12 
  16 
  12 
  19 
  13 
  15 
   9 
  12 
  13 
  13 
  13 
  15 
  15 
  13 
  16 
  16 
  13 
  15 
  12 
  16 
  12 
  15 
  16 
  12 
  9 
 11 
  9 
 12 
 12 
 23 
 13 
 12 
 31 
 11 
  9 
 12 
 11 
  8 
  9 
  8 
 11 
 13 
  9 
 11 
  8 
 11 
  9 
  9 
 15 
 13 
 11 
 11 
  8 
 11 
  9 
  9 
 11 
 12 
 12 
  9 
 15 
  9 
  8 
  9 
  9 
  9 
  8 
 11 
 13 
  9 
 11 
 11 
 11 
 11 
  8 
  9 
  5 
  9 
  8 
  9 
 12 
  8 
  7 
 15 
 12 
 13 
  8 
  8 
 11 
  7 
  8 
  9 
  8 
  9 
  9 
 12 
 13 
 16 
 12 
 20 
  9 
  7 
  9 
  9 
 12 
 11 
  8 
  8 
  9 
 12 
 11 
 11 
  9 
 13 
  8 
 11 
  9 
 11 
 11 
 12 
