   931 
  2875 
  2851 
  3357 
  4693 
  6200 
  6490 
 10746 
  4371 
  1628 
    34 
    35 
   148 
   943 
  2000 
  3497 
  4464 
  2235 
  5645 
  6431 
  1158 
  1284 
   236 
    23 
    53 
   285 
  1058 
  1072 
  2530 
  4018 
  5230 
  1029 
    66 
    72 
   242 
    86 
   119 
   257 
   921 
   164 
  2716 
  4462 
  2004 
   493 
   578 
    36 
    36 
   130 
   122 
   303 
   405 
  1286 
  2586 
  3457 
  3971 
  1291 
   862 
   203 
   118 
    89 
   144 
   130 
   139 
   229 
   844 
   636 
  1535 
  1188 
  1196 
   232 
   110 
   204 
    28 
    66 
    41 
   237 
   151 
   171 
   187 
   173 
    52 
    47 
    27 
    39 
    21 
    52 
   136 
   142 
   102 
   146 
    91 
   157 
    56 
    39 
    25 
    15 
  2524 
  2084 
  4240 
  5125 
  7216 
  5765 
  7131 
  6564 
    27 
   361 
   242 
   256 
  2406 
  6547 
  1252 
  7861 
 10123 
 11051 
  7639 
  7085 
  5759 
  1117 
   792 
    39 
   167 
   811 
  2292 
  1092 
  7041 
  6739 
  4476 
  6833 
  3542 
   397 
    13 
    13 
    30 
   420 
  2561 
  4287 
  7777 
  7441 
  5482 
  3598 
  1292 
   329 
    40 
    63 
   595 
   224 
   550 
  2472 
  3363 
  4234 
  4948 
  1659 
   236 
   144 
    35 
    36 
  2010 
   876 
   943 
  1300 
   662 
  2611 
  2673 
  2800 
   595 
   165 
    25 
    42 
   831 
    83 
  1572 
  2917 
    13 
    13 
  2333 
  2184 
  1504 
   331 
    97 
    55 
   702 
   420 
   526 
    13 
    15 
    12 
  2036 
  1992 
   891 
   364 
   136 
    63 
  13 
  15 
   8 
  32 
  28 
  52 
   8 
  62 
  13 
   9 
  13 
  11 
  11 
   9 
  13 
  12 
   8 
  12 
   9 
  11 
   8 
  11 
  12 
 228 
  11 
  11 
  11 
  13 
   9 
  12 
  13 
  11 
  12 
  13 
  13 
  11 
   9 
  12 
  12 
  11 
  12 
   8 
  13 
  11 
  11 
  12 
  12 
  12 
  12 
  11 
  11 
   8 
   9 
   9 
   7 
  11 
   9 
  11 
  11 
   8 
  11 
  11 
  12 
  11 
  11 
   9 
  12 
  12 
  12 
   9 
   9 
  12 
  12 
  11 
  12 
  11 
   8 
   9 
  13 
   9 
  11 
   8 
  11 
   9 
  12 
  13 
  12 
  11 
   9 
  11 
  12 
  11 
  11 
  11 
  12 
  12 
  20 
 731 
 480 
 321 
 442 
 280 
  15 
 173 
  68 
  71 
  48 
  27 
  19 
  21 
  11 
  12 
  13 
  12 
  13 
  15 
  11 
  17 
  11 
  16 
  19 
  17 
  13 
  17 
  13 
  16 
  16 
  13 
  13 
  16 
  15 
  12 
  17 
  19 
  17 
  21 
  13 
  16 
  15 
  15 
  17 
  19 
  19 
  16 
  19 
  12 
  13 
  13 
  15 
  15 
  13 
  17 
  15 
  16 
  15 
  24 
  26 
  19 
  15 
  13 
  12 
  11 
  11 
  17 
  16 
  17 
  36 
  56 
  24 
  13 
  15 
  11 
  13 
  13 
  16 
  15 
  13 
  11 
  15 
  19 
  19 
  11 
  15 
  15 
  15 
  13 
  11 
  11 
  13 
   7 
  16 
  15 
 12 
  9 
  9 
 13 
 44 
 37 
  9 
 17 
 25 
 72 
 28 
 11 
 13 
  9 
  9 
 11 
  9 
  9 
 11 
 12 
  9 
  9 
  9 
 11 
 12 
 12 
  8 
  9 
  9 
  8 
  9 
 12 
 11 
  9 
  8 
 11 
  9 
  9 
  8 
  9 
  9 
  8 
 11 
  8 
  8 
  7 
  9 
  9 
  9 
  7 
  8 
 11 
  8 
  8 
  8 
 11 
 11 
  8 
  9 
 12 
 12 
 11 
  7 
 11 
  8 
 11 
  8 
  9 
  9 
 11 
  9 
 11 
  9 
  9 
  9 
  9 
  7 
  8 
  7 
 11 
  8 
  7 
  9 
 11 
  9 
  9 
  8 
 11 
  9 
  8 
  9 
  9 
 12 
 11 
 11 
 11 
  9 
 12 
  8 
 45 
 32 
 30 
  8 
 11 
 20 
 11 
  9 
 11 
 11 
 11 
 12 
  9 
 15 
 11 
 11 
 11 
 11 
 11 
  9 
  9 
 11 
  8 
  8 
 11 
  8 
 11 
  8 
 11 
  9 
 11 
  9 
 11 
  9 
 11 
 11 
  9 
  8 
  9 
  9 
  9 
  9 
  8 
 11 
 12 
  8 
  8 
  9 
  9 
  9 
 11 
  9 
  8 
 11 
  8 
  9 
 11 
 12 
  9 
 11 
 11 
  8 
  9 
 13 
  9 
  9 
 11 
 12 
 12 
 11 
 11 
  7 
  9 
  9 
  9 
  9 
  9 
 11 
  9 
  9 
 11 
 12 
  9 
  9 
  8 
  8 
 12 
  8 
 13 
  9 
 13 
 12 
 12 
  12 
  17 
  12 
 954 
 245 
  20 
  13 
  21 
  51 
  13 
  16 
  99 
  15 
  13 
  16 
  13 
  13 
  13 
  17 
  17 
  19 
  17 
  12 
  17 
  12 
  11 
  17 
  11 
  12 
  13 
  21 
  15 
  15 
  12 
  15 
  12 
  13 
  15 
  17 
  12 
  15 
  13 
  13 
  15 
  16 
  16 
  13 
  15 
  11 
  15 
  16 
  19 
  11 
  12 
  12 
  11 
  13 
  20 
  11 
  16 
  13 
  12 
  17 
   9 
  11 
  12 
  12 
  12 
  12 
  13 
  13 
  13 
  16 
   8 
  13 
  15 
  11 
  13 
  13 
  12 
  12 
  13 
  15 
   9 
  15 
  12 
  15 
  15 
  13 
  12 
  13 
  13 
  13 
   9 
  12 
  13 
 11 
  9 
 11 
 11 
 36 
 29 
  9 
 12 
 47 
 11 
 12 
 13 
 15 
  9 
  9 
  9 
  8 
  9 
 11 
 11 
 12 
 11 
 11 
 12 
 13 
  9 
  9 
  9 
  7 
  9 
  9 
  9 
 11 
  9 
  9 
 11 
 12 
 11 
  9 
  9 
 12 
  9 
  9 
  8 
  9 
  7 
 12 
 11 
 11 
 12 
  9 
  9 
  9 
  8 
  9 
  7 
 12 
  8 
 11 
 12 
 12 
  9 
  9 
  8 
  9 
  9 
 12 
  8 
  8 
  8 
  8 
 11 
 15 
 17 
 13 
 23 
  9 
  9 
  9 
 15 
  9 
  9 
  8 
 12 
 11 
 13 
  9 
 11 
 11 
  7 
 13 
  8 
 11 
  8 
 12 
  9 
