   490 
  2452 
  2665 
  4436 
  6517 
  5546 
  7356 
 13900 
  4680 
  1358 
    23 
    17 
   306 
  2685 
  4619 
  7600 
  9649 
  4944 
  9060 
 13394 
  2841 
  3069 
   576 
    34 
    54 
   268 
   897 
   853 
  1864 
  3244 
  4679 
  1016 
    46 
    52 
   130 
   127 
   181 
   664 
  2500 
   462 
  5060 
 10788 
  4793 
  1492 
   960 
    64 
    47 
    79 
   130 
   735 
  1105 
  2917 
  4643 
  9909 
  7700 
  3387 
  2155 
   438 
   118 
    42 
   125 
   205 
   336 
   601 
  1669 
  1412 
  3029 
  2574 
  2993 
   501 
   146 
    93 
    32 
    81 
    53 
   268 
   196 
   213 
   255 
   215 
    78 
    63 
    36 
    27 
    26 
    53 
   154 
   142 
   118 
   162 
    86 
   133 
    42 
    36 
    24 
    17 
  3011 
  1546 
  3590 
  4430 
  8507 
  6678 
  5880 
  6239 
    31 
   215 
   149 
   101 
  4728 
  8846 
  2419 
 10591 
 11840 
 14040 
 16072 
 12014 
  9860 
  2220 
  2084 
   129 
   391 
  1994 
  4190 
   840 
 16084 
 14198 
  9173 
 15841 
  7022 
  1021 
    13 
    15 
  2676 
   999 
  5785 
  8935 
 18348 
 14984 
 11978 
  7489 
  2528 
   807 
    91 
    67 
   640 
   513 
  1171 
  7471 
  7189 
  9301 
  9933 
  4368 
   646 
   349 
    58 
    40 
  1912 
  1689 
  1859 
  2820 
  1194 
  5916 
  6298 
  5297 
  1181 
   136 
    46 
    32 
   845 
   187 
  3444 
  6288 
    12 
    13 
  4515 
  4399 
  3081 
   658 
   119 
    40 
  1076 
   729 
   869 
    12 
    11 
    15 
  4186 
  3900 
  1733 
   719 
   213 
    82 
  12 
  12 
   9 
  20 
  16 
  32 
  11 
  39 
  15 
  11 
   9 
  12 
  13 
   9 
  11 
  11 
   9 
   8 
   9 
   8 
  11 
  11 
   9 
 268 
  17 
  11 
   9 
  12 
   8 
  11 
  11 
  11 
   8 
   9 
  12 
  13 
  11 
   9 
  11 
   9 
  11 
  11 
  11 
   9 
  12 
  11 
  13 
  13 
  11 
   9 
  11 
  12 
  11 
  11 
   8 
   9 
  12 
  11 
   9 
  11 
  11 
  11 
  11 
  11 
   8 
  12 
   9 
   9 
  12 
  12 
  11 
  13 
  13 
  11 
  11 
  11 
   8 
  11 
  13 
   7 
  11 
  11 
  11 
  11 
  13 
  11 
   9 
  15 
  11 
  11 
  11 
  11 
  12 
   9 
  11 
  13 
  24 
 735 
 552 
 322 
 330 
 256 
  15 
 132 
  70 
  87 
  68 
  24 
  20 
  17 
  11 
  11 
  12 
  11 
  12 
  12 
  11 
  15 
   9 
  17 
  17 
  17 
  13 
  16 
  12 
  19 
  15 
  13 
  15 
  21 
  15 
  17 
  19 
  20 
  13 
  19 
  16 
  16 
  11 
  13 
  17 
  20 
  20 
  20 
  19 
  12 
  15 
  17 
  15 
  16 
  13 
  20 
  15 
  19 
  12 
  34 
  30 
  19 
  13 
  16 
   9 
  12 
  12 
  13 
  17 
  17 
  51 
  79 
  29 
  15 
  15 
  11 
  13 
  15 
  12 
  16 
  13 
  13 
  15 
  12 
  23 
  15 
  11 
  11 
  13 
  13 
  12 
  13 
  12 
  12 
  19 
  19 
  15 
   9 
   8 
  15 
  19 
  28 
  11 
  28 
  15 
 224 
  20 
  11 
   9 
   8 
  13 
   9 
   8 
   8 
   9 
   9 
   9 
  12 
  11 
   9 
  12 
  13 
   8 
   8 
   8 
   9 
  12 
   8 
  11 
   9 
   9 
   9 
  11 
   8 
  11 
  11 
   8 
   9 
   9 
  11 
  11 
   8 
   9 
   9 
  11 
  12 
  12 
   9 
   9 
   8 
   8 
  11 
   8 
   9 
  11 
   8 
   9 
   9 
  11 
  12 
   8 
   9 
   9 
  12 
  11 
   9 
   9 
  11 
  12 
   8 
   9 
  11 
  11 
   8 
   8 
   8 
  11 
   9 
  11 
  11 
   9 
  13 
   9 
   9 
  11 
  12 
  12 
   9 
   9 
   9 
   9 
  12 
 12 
 11 
  9 
 42 
 20 
 34 
 11 
  9 
 12 
 11 
 11 
 11 
  9 
 12 
 11 
  9 
 11 
 11 
  9 
 12 
  8 
 12 
 11 
  8 
 11 
 11 
 11 
 12 
  9 
  9 
  9 
 11 
 12 
  9 
 11 
 12 
  9 
  9 
  9 
  8 
  9 
  8 
 12 
  9 
  9 
  9 
  9 
  7 
  8 
  8 
  9 
  9 
  9 
  8 
 12 
  7 
  7 
  9 
 11 
 12 
 12 
 12 
  9 
  8 
  8 
 12 
  9 
 11 
 12 
  9 
  9 
 11 
  7 
  9 
  8 
  8 
 11 
  8 
  9 
  9 
  9 
  8 
  9 
 11 
  8 
  9 
  9 
  9 
 11 
  9 
 11 
  9 
 11 
  9 
  8 
 11 
   9 
 204 
  16 
 992 
 367 
  16 
  15 
  25 
  51 
  15 
  16 
  23 
  13 
  12 
  16 
  13 
  16 
  15 
  16 
  16 
  15 
  15 
  16 
  15 
  11 
  13 
  19 
  13 
  12 
  15 
  24 
  16 
  15 
  17 
  13 
  13 
  12 
  15 
  16 
  12 
  12 
  15 
  12 
  15 
  13 
  15 
  11 
  12 
  12 
  16 
  15 
  20 
  13 
  16 
  16 
   9 
  16 
  25 
  16 
  16 
  13 
  15 
  19 
  13 
  12 
  12 
  15 
  13 
  15 
  15 
  17 
  15 
  13 
  11 
  13 
  13 
  11 
  13 
  12 
  12 
  12 
  13 
  12 
  13 
  16 
  12 
  13 
  15 
  13 
  12 
  13 
  13 
  15 
  12 
  19 
  13 
 12 
  9 
 11 
  9 
 19 
 25 
 12 
 11 
 31 
 11 
 13 
 15 
 12 
 11 
  9 
 11 
  7 
  9 
  9 
  9 
 12 
 11 
  9 
  9 
 11 
 11 
 12 
 11 
  9 
  7 
  9 
  8 
  9 
 11 
 12 
 12 
 11 
 11 
  9 
  8 
 11 
 11 
  8 
  9 
 11 
  9 
 11 
 13 
  9 
  9 
 11 
  8 
 11 
  7 
  8 
 11 
 12 
 11 
  9 
 12 
 11 
  9 
  7 
  8 
 11 
 11 
  9 
  9 
  8 
  8 
 11 
  9 
 16 
 17 
 11 
 20 
  9 
  9 
  9 
 11 
  8 
  9 
 11 
 13 
  9 
 12 
 11 
 11 
  9 
 13 
  8 
 12 
 11 
  9 
 11 
 11 
