   688 
  4893 
  7559 
  3725 
  9425 
  8279 
  7932 
 10451 
  5355 
  2370 
   168 
   403 
   152 
  1029 
  1935 
  3581 
  4156 
  3374 
  7086 
 10895 
  2522 
  1411 
   443 
   181 
    73 
   339 
  1722 
  2006 
  4874 
  7033 
  7233 
  8442 
   158 
    48 
   165 
    46 
   118 
   260 
  1293 
   845 
  3076 
  4526 
  5323 
  3575 
   990 
    62 
    36 
    32 
    62 
   393 
   498 
  2599 
  3206 
  5074 
  7180 
  8604 
   819 
   148 
    52 
    58 
    65 
    76 
   156 
   323 
  1407 
   817 
  2671 
  1949 
  3033 
   291 
    75 
    60 
    66 
    49 
    57 
   881 
   770 
   699 
   823 
   774 
   153 
    38 
    31 
    36 
    78 
   110 
   356 
   405 
   366 
   403 
   411 
   331 
    98 
    55 
    38 
    20 
  3522 
  1975 
  4589 
  6843 
  8563 
  8414 
  8887 
  9440 
  1071 
   491 
   336 
   197 
  2657 
  6829 
  2048 
  8829 
 10776 
 12895 
 12824 
  8526 
  8340 
  2021 
  3073 
   701 
   219 
   823 
  3030 
  1191 
  8996 
  9283 
  8475 
 12652 
  6454 
   310 
    15 
    16 
  1107 
  1188 
  5884 
  8715 
 10915 
  9930 
 11829 
 10726 
  2424 
   239 
    66 
    40 
   363 
   376 
  1437 
  7251 
 16131 
 10228 
 16808 
  9474 
  1298 
   119 
    86 
    42 
   533 
   868 
  1661 
  6573 
  2186 
  6569 
 10674 
  9016 
   953 
   460 
    83 
    50 
   608 
   286 
  4325 
  7290 
    13 
    16 
  7195 
  8856 
  3500 
   542 
   266 
    59 
   979 
   281 
   603 
    13 
    13 
    15 
  5476 
  5205 
  1149 
   451 
   110 
    87 
  11 
  12 
   9 
  12 
  11 
  33 
  11 
 113 
  42 
  11 
  11 
  12 
  13 
  12 
  11 
  12 
  12 
   9 
  12 
  12 
  12 
   9 
  11 
 154 
  13 
  13 
   8 
   7 
   9 
   8 
   9 
  13 
   9 
  11 
  11 
  11 
  12 
  11 
   9 
   9 
   9 
   9 
  12 
  11 
  12 
   8 
  11 
  11 
  15 
   9 
  12 
  11 
   9 
   8 
  11 
  12 
   8 
   9 
  11 
  13 
   9 
   9 
   8 
   9 
   9 
   9 
   9 
   9 
   9 
  11 
  11 
   9 
  11 
   8 
   9 
  11 
  11 
  11 
  11 
  11 
   9 
  13 
  11 
  12 
   9 
  12 
  13 
   9 
  12 
   9 
  11 
  11 
  12 
  12 
   8 
  12 
  23 
 314 
  26 
 204 
 229 
 200 
  13 
 294 
 899 
 195 
 192 
  25 
  24 
  21 
  13 
  15 
  15 
  12 
  12 
  12 
  12 
  13 
  13 
  17 
  20 
  17 
  17 
  17 
  16 
  16 
  17 
  16 
  17 
  19 
  16 
  16 
  17 
  24 
  13 
  20 
  16 
  20 
  16 
  13 
  16 
  16 
  25 
  19 
  17 
  11 
  15 
  17 
  15 
   9 
  13 
  25 
  15 
  17 
  15 
  34 
  30 
  19 
  13 
  15 
  16 
  13 
  11 
  15 
  19 
  19 
  54 
  86 
  33 
  16 
  12 
  17 
  16 
  15 
  16 
  17 
  15 
  13 
  17 
  16 
  26 
  13 
  16 
  13 
  16 
  15 
  11 
  16 
  13 
  11 
  25 
  24 
  13 
  11 
   8 
  12 
  23 
  28 
  11 
  44 
  19 
 298 
  12 
  11 
  16 
   9 
  12 
  15 
  11 
   9 
   9 
   9 
   8 
  12 
   9 
  12 
  11 
  12 
   8 
  11 
   9 
   9 
  11 
  11 
   9 
  13 
   8 
  11 
  12 
   9 
   8 
   8 
   9 
   8 
   9 
  11 
  11 
  11 
  11 
  13 
  12 
   8 
   8 
   9 
   9 
   9 
   9 
   9 
   9 
  11 
  11 
  11 
  12 
  12 
   8 
   9 
  11 
   9 
   9 
  12 
  12 
  12 
   9 
  12 
  11 
   8 
  11 
   9 
   8 
   8 
   9 
   8 
   8 
   9 
  11 
  11 
  11 
  11 
   9 
   8 
   9 
   9 
  12 
  11 
  12 
   9 
   9 
  13 
 12 
 11 
  9 
 20 
 17 
 30 
 13 
 58 
 40 
 11 
 12 
 12 
 12 
 12 
 12 
  9 
 11 
 11 
 11 
 11 
  8 
 12 
 11 
 11 
 13 
  9 
  9 
  9 
  9 
  9 
 12 
  9 
 11 
  8 
 11 
 12 
  9 
 11 
  8 
  9 
  7 
  9 
  9 
 11 
  8 
 12 
  8 
 11 
 11 
 11 
  8 
 11 
  9 
 12 
  8 
  8 
 11 
 11 
 11 
 11 
  9 
 12 
  9 
 11 
  9 
  9 
  8 
  9 
 11 
 11 
  9 
 13 
  8 
  8 
  9 
  8 
  8 
  8 
  8 
  9 
  7 
 12 
 11 
 11 
 11 
 11 
  8 
  9 
 11 
  8 
  9 
  9 
 11 
 11 
 11 
 11 
  13 
  15 
  15 
 567 
  20 
  12 
  12 
  15 
 158 
  30 
  11 
 121 
  13 
  12 
  19 
  16 
  15 
  13 
  13 
  16 
  15 
  15 
  16 
  15 
  13 
  13 
  16 
  13 
  11 
  15 
  21 
  15 
  17 
  13 
  13 
  12 
  12 
  16 
  15 
  12 
  13 
  16 
  15 
  13 
  16 
  11 
  16 
  17 
  15 
  16 
  15 
  20 
  12 
  19 
  13 
  15 
  12 
  24 
  17 
  15 
  12 
  13 
  16 
  13 
  13 
  12 
  13 
  13 
  13 
  17 
  13 
  13 
  13 
  11 
  12 
  11 
  12 
  13 
  15 
  12 
  12 
  11 
  11 
  11 
  13 
  12 
  16 
  15 
   8 
  13 
  15 
  13 
  15 
  15 
  12 
  12 
  12 
  13 
  11 
  12 
  17 
  23 
  12 
  55 
  72 
  11 
 251 
  15 
  15 
  11 
  11 
  11 
   9 
   9 
  11 
   8 
   9 
  12 
  11 
  11 
  15 
  12 
   9 
   9 
  11 
   9 
  11 
  12 
   9 
  12 
   9 
  11 
  11 
   9 
   9 
  11 
   8 
   9 
   8 
  11 
   9 
   7 
   9 
  12 
  11 
  12 
  12 
  11 
  11 
   9 
   9 
   9 
  11 
  11 
  11 
  12 
  12 
  13 
  11 
  12 
  12 
   9 
   9 
  11 
   8 
   7 
   9 
   9 
  16 
  16 
   9 
  23 
  11 
   9 
   8 
   9 
  11 
  11 
  11 
  13 
  13 
  12 
  11 
   8 
  11 
  11 
  11 
  11 
   9 
   7 
  12 
  13 
