   621 
  4516 
  4983 
  5721 
  8889 
  8163 
 10459 
 19899 
  6876 
  2002 
    28 
    16 
   232 
  3284 
  4754 
  8331 
 10147 
  5293 
 10593 
 16388 
  3850 
  3228 
   864 
    64 
   111 
   294 
  1443 
  1305 
  2512 
  4703 
  5719 
  2433 
    89 
    51 
   134 
    97 
   170 
   681 
  2582 
   884 
  5902 
 11831 
  6700 
  3212 
  1165 
    72 
    52 
    58 
   106 
   918 
   979 
  3559 
  4978 
 12883 
 11056 
  6149 
  2346 
   409 
    95 
    43 
    83 
   158 
   358 
   556 
  1652 
  1415 
  2998 
  2435 
  3881 
   607 
   160 
    64 
    37 
    64 
    50 
   424 
   354 
   383 
   387 
   349 
   106 
    62 
    40 
    38 
    33 
    73 
   154 
   178 
   167 
   185 
   118 
   133 
    48 
    35 
    28 
    13 
  4832 
  1715 
  4691 
  6339 
 11546 
  9465 
  8161 
  9258 
    50 
   285 
   236 
   132 
  4647 
  8751 
  2692 
 11327 
 14217 
 17041 
 25877 
 15046 
 12059 
  2973 
  4415 
   254 
   397 
  1420 
  5101 
   982 
 19499 
 16892 
 12754 
 21664 
  9102 
   910 
    16 
    13 
  3000 
  1135 
  7625 
 11916 
 22350 
 17887 
 17058 
 11537 
  3157 
   662 
    97 
    55 
   564 
   560 
  1444 
 12455 
 13054 
 13488 
 15532 
  8461 
   996 
   255 
    68 
    40 
  2024 
  1476 
  2092 
  4181 
  1595 
  8338 
 10636 
  7551 
  1185 
    75 
    56 
    35 
   804 
   283 
  4504 
  8618 
    20 
    20 
  6199 
  6302 
  3783 
   731 
   142 
    39 
  1504 
   670 
   820 
    16 
    16 
    19 
  5480 
  4944 
  1530 
   693 
   215 
    83 
  13 
  11 
  12 
  17 
  12 
  36 
  11 
  23 
  12 
  11 
  11 
  13 
  15 
  11 
   9 
   9 
   9 
  12 
  11 
  12 
   9 
  12 
  12 
 160 
  12 
  12 
   9 
  11 
  11 
   9 
  16 
  11 
  12 
  11 
  11 
  12 
  12 
   9 
  11 
  11 
  11 
  12 
   9 
  13 
   9 
   9 
  12 
  12 
   8 
  12 
  11 
   8 
   9 
  11 
   9 
   9 
  12 
   9 
  13 
  11 
  12 
  13 
   9 
  11 
   7 
  11 
  11 
   8 
   9 
  11 
  11 
  12 
  11 
  11 
  11 
  11 
  11 
   8 
  12 
  12 
  11 
  12 
  11 
  11 
  11 
  15 
   9 
  11 
   9 
   9 
  11 
  13 
  12 
  12 
  11 
  11 
  21 
 607 
 351 
 192 
 148 
 205 
  12 
  63 
  52 
  85 
  50 
  30 
  21 
  21 
  15 
  12 
  12 
   9 
  12 
  13 
  13 
  11 
  11 
  17 
  15 
  19 
  15 
  17 
  13 
  15 
  16 
  16 
  13 
  20 
  16 
  16 
  19 
  28 
  15 
  20 
  16 
  20 
  15 
  19 
  17 
  15 
  19 
  20 
  19 
  15 
  13 
  16 
  13 
  16 
  15 
  24 
  16 
  15 
  17 
  38 
  34 
  20 
  17 
  15 
  12 
  12 
   8 
  15 
  19 
  19 
  54 
  76 
  32 
  12 
  13 
  16 
  16 
  12 
  19 
  15 
  16 
  15 
  20 
  19 
  19 
  11 
  13 
  11 
  15 
  16 
   9 
  15 
  11 
   9 
  20 
  17 
  11 
   8 
   9 
  12 
  16 
  21 
  11 
  15 
  11 
 196 
  11 
  13 
  12 
  12 
  11 
  12 
  11 
   9 
   9 
   9 
   9 
  11 
  12 
   9 
  11 
   8 
  12 
   8 
   9 
   9 
   8 
   9 
   8 
  11 
  11 
   9 
   9 
  11 
   9 
   8 
  11 
   9 
   9 
  11 
   7 
   9 
   9 
  15 
   9 
   9 
   9 
   8 
  11 
   9 
  11 
   9 
  11 
  12 
  12 
   8 
  12 
   9 
  11 
  11 
   8 
   9 
  12 
   9 
  12 
   9 
   9 
  13 
   9 
  11 
  11 
   8 
  11 
   8 
  11 
  12 
   8 
  12 
   7 
  11 
   7 
  13 
  11 
  11 
  13 
   9 
   9 
  11 
  11 
  11 
  11 
   9 
  9 
 11 
 11 
 24 
 20 
 29 
 12 
 12 
 13 
 12 
 11 
 11 
 11 
  9 
 12 
 11 
 11 
  9 
 13 
  9 
  8 
 12 
 13 
 13 
 12 
  9 
  9 
 11 
  8 
  9 
  9 
  9 
  9 
  9 
 12 
  9 
 11 
  8 
  8 
 11 
  9 
 11 
  8 
  8 
  9 
  9 
  8 
 12 
 11 
 11 
  7 
  8 
  9 
  9 
  9 
 11 
 12 
 11 
 12 
 12 
 11 
  9 
  9 
  8 
  9 
  9 
  9 
  9 
  9 
 12 
 11 
 11 
 12 
  9 
  9 
  9 
  7 
  8 
  9 
  9 
  8 
 11 
  9 
 12 
  9 
 11 
  9 
  9 
 11 
  8 
 12 
  8 
  9 
  9 
 11 
 11 
   17 
  269 
   16 
 1048 
   73 
   17 
   12 
   17 
   40 
   19 
   15 
   17 
   15 
   13 
   13 
   17 
   13 
   19 
   17 
   15 
   15 
   19 
   15 
   13 
   16 
   12 
   19 
   17 
   12 
   16 
   23 
   12 
   13 
   12 
   16 
   13 
   13 
   16 
   16 
   12 
   12 
   13 
   13 
   16 
   12 
   15 
   11 
   13 
   13 
   16 
   13 
   17 
   16 
   13 
   13 
   15 
   13 
   20 
   12 
   16 
   13 
   11 
   17 
   13 
   12 
   12 
   17 
   11 
   13 
   15 
   13 
   15 
   13 
   15 
   12 
   16 
    8 
   13 
    9 
   16 
   12 
   15 
   12 
   13 
   12 
   12 
   13 
   16 
    9 
   15 
   12 
   12 
   13 
   15 
   15 
   12 
 12 
  9 
  8 
  9 
 24 
 23 
 21 
  9 
 32 
 13 
 12 
 12 
 13 
 11 
 12 
 11 
  8 
  8 
  7 
  8 
 11 
  8 
  9 
 13 
 16 
 11 
  8 
 12 
  9 
  9 
  9 
 11 
  9 
  8 
  9 
 11 
 11 
  9 
  9 
  8 
 11 
 11 
  9 
  9 
  9 
  9 
  9 
 11 
 12 
  9 
  9 
  9 
  9 
  8 
  9 
  9 
  8 
 11 
  9 
 12 
 12 
 12 
 11 
 13 
  9 
  8 
 11 
  9 
 11 
  8 
 11 
 12 
 15 
 16 
 16 
 21 
  8 
  9 
  8 
  9 
  9 
  9 
  9 
  8 
 12 
  9 
 11 
 11 
 11 
 12 
 11 
 11 
 13 
  8 
  8 
 11 
