   674 
  3084 
  3334 
  4667 
  6837 
  6475 
  8108 
 15547 
  5394 
  1698 
    31 
    28 
   233 
  2453 
  4189 
  6846 
  8842 
  4524 
  7473 
 11882 
  2596 
  2645 
   503 
    32 
    64 
   311 
  1152 
  1097 
  2379 
  3892 
  5727 
  1311 
    55 
    63 
   150 
   145 
   136 
   589 
  2342 
   445 
  5125 
 10194 
  4411 
  1581 
   941 
    56 
    50 
    64 
   107 
   721 
   976 
  2778 
  4615 
  9028 
  6737 
  2975 
  2032 
   366 
   107 
    36 
   113 
   178 
   360 
   566 
  1689 
  1258 
  2971 
  2392 
  2957 
   420 
   144 
    98 
    36 
    85 
    53 
   301 
   199 
   225 
   238 
   219 
    75 
    62 
    36 
    30 
    26 
    57 
   162 
   158 
   127 
   180 
    95 
   144 
    54 
    31 
    23 
    16 
  3479 
  1731 
  4011 
  5132 
  9682 
  7503 
  7049 
  7419 
    36 
   306 
   180 
   148 
  4246 
  7385 
  2161 
  8519 
  9874 
 10616 
 13230 
  9632 
  8262 
  1902 
  2151 
   114 
   314 
  1763 
  4224 
  1020 
 14296 
 13469 
  8683 
 15272 
  6800 
   897 
    16 
    16 
  2665 
   881 
  5599 
  8629 
 16377 
 13877 
 11431 
  7271 
  2463 
   749 
    81 
    54 
   544 
   454 
  1060 
  6415 
  6490 
  8720 
  8846 
  4224 
   573 
   280 
    43 
    31 
  1729 
  1424 
  1677 
  2547 
  1166 
  5459 
  5567 
  4687 
  1088 
   107 
    44 
    31 
   746 
   170 
  3134 
  6006 
    16 
    13 
  4048 
  3879 
  2833 
   584 
    90 
    39 
  1045 
   607 
   792 
    13 
    15 
    13 
  3759 
  3532 
  1515 
   601 
   178 
    67 
  12 
   9 
   9 
  17 
  12 
  42 
  11 
  35 
  12 
  12 
  13 
  12 
  11 
  11 
   8 
   8 
   9 
  12 
  11 
  12 
   9 
   8 
  12 
 259 
  11 
  12 
  11 
   9 
   9 
   9 
   7 
   9 
  11 
   9 
   9 
  12 
  15 
   9 
  12 
  11 
  11 
  11 
   9 
   9 
  11 
  11 
  12 
  13 
  12 
  12 
  11 
   8 
  11 
  11 
   9 
   9 
   8 
   8 
  12 
  12 
  11 
  13 
   8 
  11 
  11 
  11 
  11 
  11 
  11 
  12 
   9 
  13 
  12 
  12 
  12 
  11 
   7 
   9 
   8 
   9 
  15 
   8 
  12 
  11 
  13 
  12 
  11 
  15 
  11 
  13 
  11 
  12 
  12 
   8 
  12 
  11 
  23 
 476 
 499 
 291 
 205 
 258 
  15 
  30 
  58 
  86 
  32 
  31 
  23 
  19 
  12 
  11 
  12 
  12 
  11 
  12 
  12 
  15 
  12 
  17 
  15 
  13 
  15 
  17 
  12 
  15 
  13 
  13 
  13 
  19 
  15 
  19 
  19 
  21 
  13 
  20 
  15 
  19 
  15 
  16 
  19 
  21 
  20 
  21 
  24 
  13 
  15 
  16 
  16 
  19 
  11 
  21 
  13 
  13 
  16 
  32 
  32 
  19 
  16 
  19 
  13 
  15 
   9 
  13 
  20 
  17 
  54 
  79 
  25 
  13 
  15 
   9 
  15 
  13 
  16 
  16 
  15 
  12 
  20 
  16 
  20 
   9 
  11 
  12 
  17 
  12 
  11 
  15 
  12 
  11 
  19 
  16 
  12 
  11 
   9 
  12 
  23 
  24 
  11 
  17 
  19 
 177 
  15 
  11 
   9 
  11 
   9 
  11 
   9 
   8 
   9 
   9 
   8 
   9 
   9 
  12 
   9 
  11 
   9 
   7 
   8 
   8 
   9 
  11 
   8 
   8 
  11 
   9 
  11 
   8 
   9 
   9 
   8 
   9 
   9 
   9 
   9 
   9 
  11 
  11 
  11 
  12 
   9 
   7 
   9 
   7 
   8 
   9 
   9 
   9 
   9 
   8 
  11 
  12 
   7 
   8 
   8 
   9 
   9 
   9 
  13 
   9 
   9 
   9 
  12 
  11 
   8 
  12 
  13 
   8 
   8 
   9 
   8 
   9 
   9 
  12 
   8 
   9 
  11 
  11 
   9 
  12 
  11 
   8 
  12 
  11 
   9 
  11 
 11 
 12 
 13 
 33 
 15 
 40 
 12 
 12 
 13 
 11 
 12 
 11 
 11 
  9 
 11 
 12 
 11 
 11 
 12 
 11 
  9 
 11 
 12 
 11 
  9 
  8 
  8 
 11 
 12 
 11 
  8 
 11 
  9 
 11 
 11 
  9 
 12 
 12 
  8 
  9 
  9 
 11 
  8 
 11 
  8 
  8 
 11 
  8 
  8 
  9 
  9 
 12 
 11 
  7 
 11 
  9 
  7 
  9 
 11 
  9 
 12 
  9 
  9 
  8 
  8 
  8 
  9 
 12 
 12 
 11 
 12 
  9 
  8 
  9 
  9 
 11 
  9 
  9 
  9 
  8 
 11 
 11 
 12 
  8 
 11 
 11 
  8 
 12 
 13 
 11 
  7 
  9 
  9 
  9 
 11 
 11 
  15 
 227 
  13 
 850 
 193 
  16 
  13 
  21 
  75 
  12 
  13 
  50 
  13 
  11 
  13 
  16 
  16 
  17 
  16 
  15 
  20 
  13 
  15 
  15 
  15 
  13 
  16 
  13 
  16 
  13 
  23 
  11 
  17 
  13 
  15 
  13 
  12 
  13 
  15 
  13 
  12 
  16 
  12 
  12 
  16 
  12 
  12 
  16 
  12 
  15 
  12 
  17 
  13 
  16 
  16 
  13 
  13 
  24 
  11 
  15 
  15 
  15 
  13 
  11 
  16 
   9 
  15 
  13 
  15 
  12 
  13 
  16 
  12 
  13 
  13 
   8 
   9 
  13 
  11 
  13 
  11 
  13 
  12 
   9 
  13 
  15 
  15 
  15 
  13 
  12 
  12 
  13 
  16 
  12 
  12 
  16 
 11 
 11 
  9 
  9 
 24 
 23 
 15 
 13 
 35 
 11 
 11 
 12 
  9 
 11 
  8 
  9 
  8 
 11 
 11 
  9 
  9 
 12 
 12 
 11 
 12 
 11 
 11 
 11 
  8 
  8 
 11 
  8 
  8 
 11 
 11 
 11 
 12 
  9 
 11 
  9 
  8 
  9 
 11 
  8 
 11 
  9 
  9 
 13 
 13 
  7 
  9 
  8 
 11 
 11 
  8 
  8 
 11 
  8 
  8 
 11 
 11 
 11 
  9 
  8 
 13 
  8 
  8 
 11 
  9 
  9 
 12 
  9 
 13 
 17 
 11 
 24 
  7 
 11 
  9 
  9 
  8 
  9 
 11 
 11 
  5 
 11 
  8 
 11 
 11 
  8 
  9 
  9 
 11 
  9 
  8 
 11 
