   763 
  2506 
  2534 
  3802 
  5513 
  5666 
  6701 
 12685 
  4476 
  1514 
    16 
    20 
   166 
  1134 
  2395 
  4250 
  5825 
  3052 
  4821 
  7437 
  1351 
  1436 
   243 
    28 
    56 
   338 
  1020 
  1004 
  2383 
  4002 
  5237 
   910 
    72 
    87 
   238 
   109 
   105 
   360 
  1317 
   272 
  3967 
  7192 
  2809 
   738 
   823 
    43 
    35 
    99 
   134 
   415 
   571 
  2004 
  3647 
  4907 
  4040 
  1682 
  1182 
   246 
   111 
    76 
   134 
   152 
   212 
   356 
  1269 
   876 
  2263 
  1874 
  1491 
   254 
    99 
   173 
    29 
    69 
    45 
   193 
   130 
   152 
   161 
   142 
    54 
    52 
    32 
    34 
    23 
    44 
   138 
   138 
    78 
   131 
    78 
   127 
    48 
    38 
    25 
    15 
 2730 
 1784 
 4059 
 4895 
 8123 
 6125 
 7414 
 6447 
   19 
  329 
  212 
  184 
 1480 
 4495 
 1709 
 6438 
 7369 
 7237 
 6366 
 5862 
 5356 
 1110 
 1126 
   64 
  197 
 1170 
 3199 
 1111 
 8489 
 8856 
 5052 
 9158 
 4904 
  561 
   16 
   15 
   12 
  550 
 3677 
 5872 
 9654 
 9140 
 7160 
 4915 
 1790 
  517 
   58 
   56 
  625 
  276 
  770 
 2897 
 3643 
 5219 
 4836 
 2308 
  329 
  193 
   31 
   31 
 1399 
  984 
 1227 
 1723 
  865 
 3350 
 2783 
 2914 
  725 
  169 
   21 
   38 
  782 
  105 
 2024 
 3835 
   12 
   11 
 2582 
 2541 
 1906 
  364 
   82 
   46 
  763 
  476 
  595 
   12 
   15 
   12 
 2240 
 2304 
  968 
  377 
  126 
   54 
  12 
   9 
   5 
  20 
  17 
  44 
  12 
  13 
  16 
  11 
  11 
  11 
  12 
  11 
  11 
  12 
   9 
   9 
   9 
  11 
   8 
   9 
  12 
 247 
  11 
   9 
   8 
  11 
  12 
   9 
   9 
  11 
  12 
   8 
  11 
  12 
  17 
  11 
   8 
   9 
  12 
  11 
   9 
   9 
   9 
  12 
   9 
   9 
  13 
  12 
  12 
  12 
   9 
  11 
   9 
   9 
  12 
  11 
   8 
   9 
  11 
  12 
  11 
  11 
   8 
  11 
   9 
  11 
   8 
  12 
  13 
  13 
  12 
   9 
  11 
   8 
   9 
  11 
  12 
   8 
  11 
   9 
   9 
  13 
   9 
  12 
  12 
   9 
  11 
  12 
  12 
  12 
  12 
   9 
  12 
  15 
  19 
 423 
 662 
 212 
 407 
 246 
  13 
 123 
  58 
 416 
 259 
  24 
  19 
  19 
  15 
  11 
  13 
  13 
  11 
  16 
  16 
  15 
  13 
  19 
  15 
  15 
  15 
  16 
  12 
  16 
  13 
  13 
  13 
  20 
  12 
  13 
  19 
  20 
  17 
  19 
  13 
  19 
  13 
  19 
  16 
  21 
  19 
  21 
  19 
  15 
  15 
  15 
  12 
  12 
  13 
  20 
  16 
  16 
  17 
  27 
  30 
  17 
  17 
  16 
  13 
  12 
  12 
  13 
  19 
  19 
  46 
  62 
  30 
  12 
  13 
  15 
  13 
  15 
  16 
  19 
  13 
  16 
  16 
  16 
  20 
  11 
  12 
  12 
  16 
  15 
  12 
  13 
  15 
  11 
  16 
  16 
  11 
   8 
  11 
  16 
  23 
  33 
   9 
 114 
 122 
 356 
  12 
   8 
  11 
  13 
  11 
   9 
  11 
  12 
   9 
   9 
  12 
  11 
   9 
  11 
  11 
  11 
   9 
  11 
   9 
   8 
  11 
   9 
  12 
  12 
  12 
   9 
  11 
  11 
   8 
   8 
  11 
   8 
   7 
   8 
  11 
  11 
  11 
  13 
   8 
   9 
  11 
   9 
   9 
   9 
   9 
  13 
   8 
   9 
  11 
  13 
  12 
   9 
  12 
   8 
   8 
   8 
   9 
   9 
  12 
  12 
  12 
  11 
  11 
   9 
  11 
  11 
   8 
  11 
  11 
   9 
  12 
   8 
  13 
  11 
  11 
  12 
  11 
  11 
   8 
  11 
  11 
   9 
  12 
  11 
  11 
  13 
 12 
  9 
  9 
 42 
 20 
 23 
 11 
 11 
 42 
 13 
 13 
 12 
 12 
  7 
  7 
  8 
  9 
 12 
 13 
 11 
 12 
  9 
  8 
 15 
  9 
 11 
 12 
 11 
 11 
 12 
 13 
  9 
 11 
 12 
  8 
  9 
 13 
 11 
  8 
  9 
  8 
 11 
  8 
 11 
 12 
  9 
 11 
  9 
 11 
  9 
  8 
  9 
  9 
  9 
  8 
 11 
  8 
  8 
 12 
 12 
 11 
 11 
  9 
  8 
  8 
  8 
 11 
 11 
 12 
  9 
  9 
  9 
 11 
 12 
 11 
 12 
 12 
  7 
  7 
 12 
 11 
  7 
 11 
 11 
  8 
  9 
 12 
  9 
  9 
 11 
  9 
  9 
 11 
  9 
  8 
  9 
  12 
 189 
  15 
 717 
 473 
  16 
  13 
  48 
  91 
  15 
  16 
 123 
  12 
  13 
  16 
  16 
  13 
  15 
  15 
  15 
  17 
  16 
  15 
  13 
  15 
  13 
  15 
  15 
  13 
  13 
  17 
  13 
  15 
  16 
  13 
  16 
  12 
  19 
  17 
  15 
  12 
  13 
  12 
  13 
  13 
  15 
  12 
  12 
  13 
  13 
  11 
  20 
  15 
  15 
  11 
  12 
  13 
  21 
  15 
  13 
  13 
  15 
  17 
  12 
  15 
   9 
  15 
  13 
  13 
  12 
  13 
  15 
  15 
  16 
  12 
  17 
  12 
  12 
  13 
   9 
  11 
   9 
  15 
  12 
  19 
  11 
  16 
  17 
  16 
  11 
  12 
  15 
  16 
  12 
  15 
  13 
 12 
 13 
  9 
 12 
 25 
 15 
  9 
 17 
 64 
 12 
 12 
 13 
 12 
  8 
  8 
  8 
 11 
  9 
 11 
  9 
  9 
  9 
  9 
 12 
 13 
  9 
  8 
 13 
 11 
  8 
 12 
  9 
 11 
  9 
  9 
  9 
 12 
 11 
  9 
  9 
 11 
 11 
  9 
  8 
  9 
  7 
  8 
  9 
 11 
 11 
  9 
 11 
  7 
  7 
  8 
  9 
  8 
  9 
  9 
 11 
 11 
 11 
 11 
 11 
  9 
  9 
 11 
  9 
  9 
 12 
  8 
  9 
 11 
 12 
 12 
 20 
  8 
  7 
  9 
 12 
  8 
  7 
  8 
 12 
 11 
 13 
  8 
 11 
 11 
  9 
 13 
 11 
 11 
 11 
  8 
 11 
