  756 
 2040 
 1828 
 2873 
 4087 
 4683 
 5158 
 9407 
 3437 
 1284 
   28 
   32 
  209 
  661 
 1432 
 3110 
 4206 
 2237 
 4622 
 5324 
  993 
  929 
  174 
   30 
   46 
  282 
  819 
  849 
 1865 
 3359 
 3946 
  820 
   67 
   98 
  334 
   58 
  212 
  256 
  703 
  156 
 2395 
 4598 
 1896 
  283 
  489 
   28 
   60 
  133 
  273 
  237 
  372 
 1437 
 2093 
 3104 
 3573 
 1174 
  672 
  248 
  231 
  111 
  278 
  242 
  163 
  223 
  760 
  599 
 1270 
 1164 
  744 
  195 
  119 
  181 
   24 
   56 
   41 
  134 
   97 
  107 
  107 
  101 
   39 
   46 
   27 
   32 
   24 
   34 
   89 
   83 
   76 
   90 
   71 
  105 
   42 
   36 
   23 
   19 
 1786 
 1580 
 3300 
 3921 
 6396 
 4835 
 7086 
 5386 
   27 
  353 
  193 
  224 
   16 
   23 
 1429 
 6586 
 7410 
 8726 
 5680 
 5896 
 4975 
  872 
  542 
   35 
  191 
  779 
 2229 
  994 
 6258 
 6127 
 3489 
 5576 
 3408 
  373 
   13 
   13 
   23 
  405 
 2370 
 4092 
 6923 
 6806 
 4767 
 3467 
 1232 
  381 
   63 
  138 
  872 
  225 
  592 
 2100 
 2787 
 3620 
 3704 
 1484 
  262 
  161 
   39 
   55 
   20 
  878 
  849 
 1374 
  702 
 2387 
 2118 
 2397 
  474 
  220 
   25 
   59 
  828 
  102 
 1519 
 2712 
   12 
   12 
 1989 
 1927 
 1374 
  271 
  132 
   94 
  876 
  485 
  495 
   12 
   13 
   15 
 1655 
 1986 
  812 
  311 
  174 
   85 
  11 
  11 
   9 
  24 
  17 
  37 
  13 
  28 
  12 
  11 
   9 
   9 
   9 
   9 
   9 
  11 
  12 
   9 
  11 
   9 
  11 
  11 
  12 
 225 
  12 
  11 
  11 
  11 
   8 
   9 
   9 
   9 
  11 
   9 
  12 
  13 
   9 
  11 
  12 
   8 
  11 
  11 
   9 
   9 
   9 
  11 
   9 
  11 
  12 
  13 
  11 
  11 
  11 
  11 
  11 
  11 
   8 
  12 
  12 
  12 
  12 
   8 
   9 
  12 
   9 
   8 
  12 
   8 
  11 
   9 
   9 
   8 
  12 
  12 
   8 
  15 
  12 
  11 
   9 
  11 
  13 
  12 
  12 
  13 
  11 
  15 
  11 
  11 
   8 
  12 
  11 
  12 
  13 
   9 
  12 
  15 
  23 
 779 
 609 
 347 
 498 
 348 
  16 
 127 
 101 
  54 
  40 
  23 
  21 
  16 
  12 
  11 
  12 
  11 
   7 
   8 
  12 
  12 
   9 
  15 
  13 
  17 
  15 
  17 
  13 
  13 
  15 
  15 
  15 
  17 
  15 
  16 
  16 
  17 
  15 
  19 
  16 
  20 
  16 
  15 
  13 
  15 
  19 
  17 
  17 
  12 
  12 
  17 
  13 
   9 
  12 
  19 
  13 
  17 
  15 
  25 
  28 
  19 
  16 
  15 
   9 
  11 
  12 
  15 
  17 
  16 
  46 
  59 
  25 
  11 
  13 
  13 
  13 
  13 
  17 
  13 
  13 
  12 
  15 
  13 
  17 
  13 
  12 
  13 
  13 
  11 
  12 
  11 
  12 
  11 
  13 
  17 
 13 
  9 
 11 
  9 
 29 
 37 
  9 
 17 
 13 
 86 
 30 
 11 
 12 
 12 
  9 
  8 
 11 
  7 
  9 
  7 
  9 
  9 
 11 
  9 
 12 
 11 
  7 
  9 
  9 
  9 
 11 
  9 
 11 
  9 
 11 
 12 
  9 
  8 
 11 
 11 
  8 
  8 
  8 
 11 
  9 
  9 
 11 
  8 
 12 
  9 
 12 
  9 
  9 
  9 
 11 
  8 
  9 
  9 
  8 
 11 
  9 
 11 
  5 
  9 
  7 
  7 
  8 
 11 
  8 
 11 
 12 
 11 
 11 
 13 
 12 
  9 
 11 
  8 
 11 
  8 
 13 
  8 
  8 
  9 
 11 
  9 
  5 
 11 
 11 
  8 
 12 
 12 
 11 
  8 
 11 
 11 
  9 
 12 
  9 
 34 
 25 
 57 
  9 
 11 
 12 
  8 
 12 
 12 
 12 
  9 
 12 
  9 
  9 
  9 
 12 
 11 
 11 
 12 
 11 
  9 
 11 
  9 
  9 
  9 
 11 
  9 
  7 
  9 
 11 
  8 
  9 
  9 
  8 
 11 
  7 
 11 
  9 
  9 
  8 
  8 
  8 
 12 
  9 
 11 
 12 
  8 
  9 
  9 
  9 
  9 
  9 
 11 
 11 
 11 
 12 
  8 
 13 
  9 
  9 
  8 
 11 
  8 
  8 
  8 
 11 
  9 
 12 
 13 
  8 
  9 
 11 
  8 
  9 
 11 
  8 
  9 
 11 
  9 
 11 
  8 
 12 
 11 
  9 
  9 
  9 
 12 
 12 
 12 
 11 
  9 
 11 
 12 
  15 
 207 
  17 
 772 
 152 
  15 
  16 
  32 
  62 
  15 
  16 
  44 
  12 
  11 
  16 
  13 
  13 
  16 
  16 
  17 
  13 
  13 
  16 
  16 
   9 
  13 
  17 
  15 
  12 
  13 
  19 
  16 
  15 
  13 
  13 
  13 
  13 
  16 
  15 
  12 
  12 
  13 
  13 
  16 
  15 
  13 
  15 
  13 
  15 
  11 
  12 
  19 
  12 
  13 
  12 
  11 
  15 
  16 
  13 
  12 
  15 
  12 
  15 
  11 
  12 
  12 
  16 
  12 
  13 
  13 
  12 
  13 
  13 
  12 
  13 
   9 
  12 
  15 
  13 
  12 
  15 
  13 
  12 
  12 
  12 
  13 
  15 
  13 
   9 
  11 
  13 
  13 
  12 
  12 
  11 
  13 
  8 
 11 
  9 
 11 
 26 
 29 
 12 
  9 
 32 
  9 
 13 
  9 
  9 
  8 
 11 
  8 
  7 
  9 
 11 
  8 
  9 
 11 
  9 
 13 
 12 
  9 
 11 
 11 
  9 
  9 
 11 
  9 
  9 
 11 
  9 
 12 
 15 
 12 
 11 
  9 
  9 
  9 
  9 
  8 
  8 
  9 
  9 
  9 
  9 
  8 
  9 
  8 
  9 
 11 
 11 
  9 
  9 
  8 
  9 
  8 
  8 
  9 
  8 
 11 
 12 
  9 
  8 
 11 
  8 
  9 
 11 
  9 
 15 
 16 
 11 
 16 
  9 
  8 
 11 
  8 
 11 
 11 
  9 
  8 
 12 
 11 
 12 
  9 
 12 
  9 
 11 
  9 
 12 
 11 
  8 
 11 
