   657 
  2569 
  2745 
  1986 
  3064 
  5332 
  4389 
  5952 
  2453 
  1101 
    32 
    28 
   183 
  2041 
  3198 
  6050 
  6792 
  3708 
 11573 
 12163 
  2480 
  2535 
   617 
    48 
    58 
   122 
   743 
   759 
  1362 
  2414 
  2706 
   752 
    44 
    34 
   111 
    82 
   139 
   388 
  1408 
   230 
  2845 
  5578 
  3492 
   793 
   535 
    35 
    38 
    72 
   103 
   405 
   543 
  1799 
  2161 
  6327 
  7533 
  3079 
  1161 
   264 
    98 
    63 
    85 
   107 
   164 
   245 
   665 
   811 
  1217 
  1121 
  2176 
   380 
   133 
   168 
    45 
    72 
    58 
   436 
   305 
   339 
   384 
   329 
    86 
    56 
    32 
    35 
    29 
    61 
   135 
   156 
   155 
   159 
   114 
   154 
    50 
    32 
    28 
    16 
  1859 
  1096 
  2316 
  3305 
  3416 
  3386 
  4272 
  3683 
    35 
   243 
   130 
   148 
  6443 
 14488 
  1945 
 14121 
 19005 
 24429 
 20707 
 15121 
 12124 
  2769 
  1333 
    67 
   290 
   956 
  2317 
   752 
 11244 
  8840 
  7450 
  8754 
  4128 
   523 
    13 
    15 
  4060 
   694 
  3790 
  5467 
 12702 
 10464 
  7972 
  5049 
  1812 
   373 
    81 
    67 
   556 
   315 
   737 
  6454 
  7840 
  7237 
 11311 
  3747 
   578 
   176 
    56 
    51 
  2472 
  1262 
  1239 
  2561 
   930 
  4797 
  7224 
  6223 
   897 
    40 
    46 
    44 
   759 
   166 
  2879 
  5039 
    12 
    15 
  4405 
  4185 
  2629 
   572 
   118 
    58 
  1130 
   523 
   629 
    16 
    11 
    12 
  3970 
  3327 
  1254 
   609 
   188 
    87 
  13 
  11 
   9 
  16 
  15 
  42 
  12 
  31 
  21 
   9 
  15 
  11 
  15 
   9 
  11 
  12 
   9 
   9 
   9 
  11 
  11 
  12 
  12 
 317 
  15 
  11 
  12 
  11 
  12 
   9 
   8 
  11 
  11 
   9 
   9 
  12 
  13 
  13 
  11 
  11 
  12 
   8 
   9 
  13 
   9 
  11 
  12 
  15 
  11 
  11 
  11 
   9 
   8 
   8 
   9 
   9 
   8 
  11 
  11 
  12 
   9 
  12 
  11 
  11 
   9 
  11 
   9 
   8 
  12 
  11 
   9 
  12 
  12 
  11 
  15 
  11 
   9 
  11 
   9 
  11 
  12 
   9 
  11 
  13 
  11 
  11 
  11 
  12 
   9 
  12 
  12 
  12 
  12 
  12 
  11 
  15 
  20 
 854 
 383 
 364 
 211 
 344 
  16 
 164 
  72 
  58 
  82 
  21 
  23 
  17 
  16 
  11 
  15 
  11 
  13 
  13 
   9 
  11 
  12 
  19 
  17 
  13 
  13 
  17 
  12 
  13 
  13 
  15 
  15 
  20 
  15 
  16 
  17 
  20 
  12 
  19 
  16 
  15 
  15 
  15 
  17 
  23 
  19 
  19 
  19 
  13 
  16 
  19 
  12 
  13 
  12 
  23 
  15 
  16 
  17 
  28 
  29 
  19 
  16 
  16 
  11 
  17 
   9 
  16 
  15 
  16 
  50 
  66 
  26 
  12 
  13 
  12 
  16 
  13 
  15 
  16 
  16 
  16 
  16 
  20 
  21 
  13 
  11 
  12 
  16 
  12 
  12 
  11 
  16 
  12 
  19 
  15 
  9 
 12 
  9 
 13 
 30 
 44 
  8 
  8 
 17 
 83 
 20 
 12 
  9 
 11 
  8 
  9 
  8 
  8 
 11 
  9 
 11 
  9 
  9 
  9 
 11 
  9 
  8 
 11 
  9 
  9 
  9 
  8 
 11 
  9 
 11 
 12 
  9 
  9 
  9 
 11 
 12 
  9 
  7 
  8 
  9 
  9 
  8 
 12 
 12 
  8 
  9 
 11 
  8 
  9 
  7 
  9 
  9 
  7 
  8 
 11 
 11 
 12 
  7 
  8 
  8 
  9 
 11 
 11 
 12 
 11 
 11 
  9 
 11 
 12 
  9 
 11 
 11 
  8 
 11 
 11 
  8 
  9 
  9 
 11 
 11 
 11 
  8 
 11 
 11 
  8 
  8 
  8 
 13 
  8 
  9 
 13 
 12 
 11 
 11 
 46 
 25 
 36 
 11 
 11 
 16 
 11 
 12 
  9 
 11 
  9 
  8 
  9 
  9 
  9 
  8 
 11 
 12 
 11 
  9 
  9 
 11 
 11 
  9 
 11 
 11 
  9 
  9 
  9 
 11 
 11 
  8 
 12 
  9 
  9 
  9 
  9 
 11 
  9 
  9 
  7 
 11 
  9 
 11 
  9 
 11 
  9 
  9 
  9 
 11 
  9 
  9 
  8 
  8 
  9 
  9 
 11 
  9 
  8 
 11 
  8 
  8 
  9 
  8 
  9 
 11 
 12 
  8 
 12 
 13 
  8 
 12 
  8 
 12 
  5 
 11 
 12 
  7 
 12 
  9 
  9 
 11 
 11 
  9 
  8 
 11 
  9 
  9 
  9 
 11 
  8 
 11 
 12 
  15 
  11 
  12 
 841 
 456 
  13 
  15 
  23 
  46 
  16 
  19 
  55 
  12 
  12 
  17 
  12 
  13 
  15 
  19 
  19 
  15 
  15 
   9 
  19 
  12 
  13 
  16 
  17 
  11 
  16 
  20 
  13 
  16 
  12 
  13 
  12 
  13 
  12 
  15 
  13 
  11 
  13 
  12 
  15 
  13 
  13 
  16 
   9 
  12 
  17 
  13 
  19 
  16 
  16 
  12 
  15 
  13 
  27 
  12 
  12 
  15 
  15 
  19 
  15 
  11 
  12 
  13 
  15 
  15 
  13 
  12 
  15 
  15 
  12 
  11 
  16 
  11 
  15 
  11 
  13 
  16 
  11 
  13 
  13 
  12 
  11 
  16 
  15 
  12 
  11 
  11 
  11 
  13 
  13 
  13 
  15 
 13 
 13 
 11 
 13 
 29 
 30 
 16 
 12 
 43 
 12 
 13 
 13 
 16 
 11 
 11 
 11 
  9 
  9 
  9 
  8 
  9 
  9 
 11 
 13 
 12 
 11 
 12 
 12 
  7 
  9 
  9 
  9 
  9 
 11 
  9 
  9 
 12 
 11 
 12 
  9 
  9 
  9 
 12 
  9 
 12 
  8 
 11 
  9 
  9 
  9 
  7 
  9 
  9 
  8 
  9 
 11 
  8 
  8 
  9 
 11 
 16 
 12 
  8 
 13 
 12 
  9 
  9 
 12 
  9 
  8 
  7 
  7 
 13 
 15 
 15 
 24 
  9 
  8 
  8 
 11 
  9 
 12 
 11 
 13 
  8 
 13 
  9 
 11 
  9 
 11 
 11 
 11 
  9 
  8 
 11 
 11 
