   612 
  1404 
  1300 
  1722 
  2468 
  3669 
  3169 
  4934 
  1986 
   697 
    25 
    47 
   425 
  1323 
  2910 
  5723 
  7360 
  3850 
  9608 
 10152 
  1815 
  2130 
   349 
    35 
    34 
   132 
   476 
   440 
  1025 
  1998 
  2016 
   361 
    40 
    36 
   122 
    68 
   315 
   505 
  1252 
   228 
  3034 
  6438 
  3032 
   258 
   718 
    47 
    75 
   145 
   310 
   384 
   746 
  2222 
  2314 
  5992 
  6419 
  2162 
  1156 
   479 
   270 
    94 
   334 
   380 
   248 
   378 
   861 
  1005 
  1429 
  1907 
  1173 
   329 
   169 
   148 
    29 
    68 
    46 
   171 
   119 
   138 
   138 
   118 
    47 
    48 
    24 
    30 
    23 
    37 
    85 
    90 
    61 
    81 
    62 
   117 
    42 
    38 
    20 
    12 
  1133 
  1024 
  1888 
  2713 
  2876 
  2633 
  4197 
  2966 
    25 
   227 
   132 
   173 
    48 
  1099 
  2622 
 12724 
 12422 
 18109 
 13183 
 12311 
  9648 
  1780 
   499 
    50 
   379 
  1382 
  2630 
   519 
 10957 
  8837 
  5882 
  8108 
  3963 
   688 
    15 
    12 
    25 
   746 
  3312 
  5169 
 12061 
 10129 
  6829 
  4319 
  1623 
   607 
   101 
   117 
  1145 
   442 
  1017 
  4715 
  4487 
  5556 
  7019 
  2193 
   507 
   309 
    60 
    64 
    12 
  1563 
  1542 
  2029 
   817 
  3904 
  4201 
  4472 
   762 
   401 
    38 
    59 
  1327 
   155 
  2524 
  3885 
    13 
    11 
  3489 
  3218 
  2217 
   572 
   204 
    87 
  1162 
   827 
   846 
    11 
    13 
    15 
  3119 
  3387 
  1519 
   628 
   289 
   125 
  13 
   9 
   9 
  33 
  13 
  38 
  11 
  15 
  15 
  11 
  12 
  13 
  12 
   9 
   9 
   9 
  11 
  11 
  12 
  11 
  12 
   9 
  11 
 251 
  11 
  11 
   9 
  12 
  12 
  11 
   9 
   9 
   8 
   9 
  11 
  13 
  12 
   9 
  13 
   9 
   9 
   9 
  11 
   9 
  11 
   9 
  11 
  11 
  11 
  11 
  12 
   8 
  12 
   8 
   9 
  11 
  11 
  12 
  11 
  12 
   8 
   9 
   9 
  13 
   8 
   8 
   9 
  13 
   9 
   9 
   8 
  12 
   9 
   9 
   9 
   9 
   9 
  11 
   9 
   8 
   9 
   9 
   9 
  12 
  11 
  12 
  12 
  11 
  12 
  11 
  12 
  12 
  12 
  15 
  12 
   8 
  21 
 396 
  68 
 411 
  74 
 348 
  19 
 228 
  90 
  66 
  86 
  24 
  19 
  15 
  12 
   9 
  15 
   9 
   9 
  11 
  12 
  17 
  13 
  16 
  13 
  15 
  15 
  15 
  12 
  16 
  19 
  15 
  15 
  16 
  13 
  11 
  17 
  21 
  13 
  24 
  17 
  16 
  13 
  13 
  17 
  20 
  19 
  16 
  19 
  12 
  12 
  16 
  15 
  13 
  15 
  21 
  15 
  16 
  13 
  23 
  30 
  15 
  16 
  16 
  13 
  12 
  13 
  13 
  15 
  17 
  43 
  58 
  25 
  15 
  15 
  12 
  13 
  16 
  15 
  16 
  13 
  12 
  13 
  13 
  16 
   9 
  11 
  13 
  13 
  11 
  12 
  11 
  12 
  11 
  16 
  16 
 11 
  9 
 11 
 15 
 37 
 29 
  9 
 19 
 23 
 99 
 25 
 11 
 11 
  8 
  9 
  7 
  8 
 12 
  8 
  9 
  9 
 11 
  8 
  9 
  9 
 11 
 11 
  8 
  9 
 12 
  9 
  9 
  8 
  9 
  9 
  9 
 11 
  9 
 11 
  8 
  8 
  9 
  8 
  9 
  9 
  8 
 12 
  8 
  9 
  8 
  8 
 11 
  8 
  9 
 11 
 11 
  8 
 11 
  9 
  8 
 11 
 11 
 11 
 11 
 12 
  9 
  8 
  7 
  9 
  9 
  8 
 11 
  9 
 11 
  8 
  7 
 11 
  9 
  8 
  9 
  9 
  9 
  8 
  8 
  9 
 11 
  9 
  7 
  9 
  9 
 12 
  9 
  9 
  8 
  9 
 11 
  9 
 12 
  8 
 38 
 32 
 45 
  9 
  9 
 56 
  8 
 11 
 11 
 12 
 11 
  9 
  8 
  9 
  9 
  8 
  9 
  7 
 11 
 11 
  9 
  8 
  8 
  9 
  7 
  9 
  9 
  9 
  5 
  8 
  9 
  8 
 11 
 12 
 11 
 11 
  9 
 11 
 11 
  8 
  8 
  9 
  9 
  8 
  8 
 12 
  7 
  9 
 11 
  9 
  9 
  9 
 11 
 11 
 13 
 11 
  8 
 11 
 11 
  9 
  8 
 11 
  7 
 11 
  7 
 11 
 11 
  8 
 11 
  9 
 12 
 11 
  9 
 11 
  9 
  8 
  8 
  9 
  7 
  8 
  8 
 12 
  9 
  7 
 12 
 11 
 11 
  8 
 12 
  9 
 11 
  9 
 12 
  15 
  12 
  17 
 951 
 102 
  15 
  16 
  19 
  46 
  15 
  42 
  47 
  12 
  12 
  17 
  17 
  13 
  16 
  13 
  16 
  15 
  11 
  11 
  15 
  13 
  12 
  20 
  13 
  13 
  13 
  17 
  12 
  15 
  13 
  13 
  15 
  12 
  17 
  16 
  11 
  15 
  15 
  13 
  16 
  17 
  15 
   9 
  12 
  11 
  17 
  15 
  15 
  12 
  16 
  11 
  13 
  15 
  20 
  13 
  12 
  13 
  13 
  17 
  12 
  11 
  12 
  16 
  11 
  15 
  13 
  15 
  13 
  17 
  13 
  12 
  12 
  12 
  12 
   9 
  15 
  11 
  15 
  12 
  12 
  12 
  13 
  12 
  13 
   9 
  12 
  12 
  12 
  11 
   9 
  13 
  15 
  9 
  9 
 11 
 12 
 13 
 40 
 11 
 15 
 44 
 13 
 12 
 11 
 12 
  8 
  9 
 12 
 11 
  9 
  9 
  8 
  9 
  9 
  8 
 12 
 15 
 12 
 13 
  9 
 12 
 11 
 11 
  8 
 12 
  8 
  9 
 12 
 12 
 11 
  8 
  8 
 11 
  9 
 11 
 11 
 12 
 11 
  9 
 13 
  9 
  8 
 11 
  8 
  9 
  8 
  9 
  8 
 11 
  9 
  9 
 11 
 12 
 11 
  9 
 11 
  8 
  9 
  8 
  9 
  9 
 12 
  8 
 12 
 16 
 13 
 12 
 21 
 11 
 11 
  9 
  7 
  8 
 11 
  8 
  9 
  9 
  9 
 11 
  9 
 12 
 11 
 12 
 11 
 11 
 11 
 11 
 12 
