   375 
  1412 
  1441 
  3218 
  4579 
  3778 
  4998 
  9624 
  3304 
   786 
    24 
    50 
   364 
  1668 
  3561 
  6461 
  8489 
  4610 
  7635 
 10986 
  2064 
  2358 
   389 
    30 
    50 
   268 
   597 
   529 
  1321 
  2619 
  3151 
   502 
    51 
    71 
   165 
   101 
   208 
   597 
  1784 
   374 
  4590 
  9370 
  4001 
   801 
  1060 
    67 
    60 
   101 
   211 
   523 
   907 
  2735 
  3791 
  7473 
  6007 
  2703 
  1576 
   459 
   153 
    66 
   223 
   325 
   329 
   538 
  1424 
  1292 
  2519 
  2667 
  1774 
   353 
   137 
   122 
    28 
    86 
    46 
   184 
   125 
   150 
   152 
   145 
    56 
    62 
    31 
    28 
    19 
    44 
    99 
   109 
    65 
    94 
    63 
   106 
    38 
    34 
    23 
    16 
  2044 
  1000 
  2554 
  3338 
  6053 
  4582 
  4752 
  4167 
    32 
   148 
    90 
    71 
   623 
  3536 
  2888 
 10060 
  9220 
 11523 
 10672 
  9636 
  8289 
  1825 
  1134 
    83 
   385 
  1855 
  3495 
   699 
 12853 
 11700 
  6693 
 11400 
  5795 
   815 
    13 
    17 
    23 
   902 
  4597 
  7179 
 14760 
 12362 
  8993 
  5904 
  2094 
   786 
    86 
    70 
   873 
   480 
  1282 
  5085 
  5087 
  6822 
  6999 
  2981 
   564 
   336 
    55 
    42 
   473 
  1600 
  1904 
  2517 
  1089 
  4548 
  4281 
  4389 
   954 
   309 
    34 
    40 
  1023 
   172 
  2822 
  4745 
    16 
    16 
  3669 
  3534 
  2512 
   595 
   140 
    47 
  1053 
   836 
   841 
    13 
    13 
    13 
  3312 
  3276 
  1569 
   603 
   231 
    79 
  11 
  11 
  11 
  19 
  17 
  62 
   9 
  12 
  15 
  11 
   9 
  12 
  11 
  11 
  11 
   9 
  11 
  12 
  11 
   9 
  11 
   8 
  11 
 209 
  12 
  11 
  11 
  12 
  11 
  11 
   9 
   9 
  11 
   9 
   9 
  12 
   9 
  11 
   9 
   9 
  11 
   9 
  12 
  11 
  11 
  12 
  15 
   9 
  15 
  12 
  13 
   9 
  12 
  11 
   9 
   9 
  12 
  12 
  11 
  11 
  12 
  11 
  11 
   9 
   9 
  11 
  11 
  11 
  11 
  11 
  12 
  11 
  12 
  11 
  11 
   9 
  11 
  12 
  11 
  11 
   9 
   9 
   8 
  12 
  11 
  11 
  13 
  12 
  11 
  11 
  12 
  11 
  11 
  12 
  12 
  11 
  23 
 703 
 538 
 399 
 223 
 272 
  13 
  64 
  46 
  68 
 466 
  23 
  21 
  20 
  15 
  12 
  11 
   9 
  11 
  12 
  11 
  13 
  12 
  17 
  16 
  16 
  15 
  16 
  13 
  12 
  15 
  15 
  15 
  16 
  16 
  12 
  12 
  19 
  15 
  17 
  13 
  20 
  13 
  15 
  17 
  17 
  17 
  21 
  17 
  12 
  16 
  17 
  12 
  15 
  12 
  23 
  16 
  15 
  17 
  30 
  30 
  21 
  15 
  16 
  13 
  13 
  16 
  13 
  16 
  19 
  51 
  72 
  24 
  12 
  11 
  16 
  12 
  16 
  15 
  16 
  16 
  13 
  19 
  12 
  20 
  11 
  12 
  11 
  15 
   9 
  11 
  12 
  12 
  12 
  15 
  15 
   9 
   9 
  11 
  12 
  17 
  32 
  13 
  23 
  63 
 106 
  19 
   9 
  12 
   8 
  12 
   7 
   9 
   9 
   8 
   9 
   8 
  11 
   8 
  11 
  11 
  11 
  11 
   9 
   9 
   8 
  12 
   9 
   7 
   8 
   9 
   9 
  11 
  12 
   9 
  11 
   7 
   8 
   8 
   9 
  11 
  12 
   8 
   8 
  11 
  13 
   9 
   7 
   8 
   8 
  11 
   8 
   9 
  11 
  11 
   9 
  11 
   7 
   9 
   8 
  11 
   9 
   8 
   8 
   9 
   9 
  12 
  12 
   9 
  11 
  11 
   9 
   9 
  11 
   8 
   9 
   8 
   8 
   8 
  13 
   8 
   7 
   9 
   8 
  11 
   9 
   8 
  11 
  11 
   8 
  11 
  13 
 12 
  9 
  9 
 50 
 20 
 54 
 11 
 11 
 16 
  8 
  9 
 11 
 12 
 11 
  9 
  9 
  9 
 12 
  8 
  9 
  8 
  9 
 11 
 11 
 12 
  7 
  9 
 11 
  8 
 11 
 11 
 11 
 11 
  9 
 11 
  9 
 12 
 12 
  9 
  9 
  8 
  7 
  9 
  8 
  8 
 11 
 11 
 11 
  9 
  9 
 12 
  8 
  8 
 11 
 11 
  9 
 11 
  9 
  9 
 11 
  9 
  9 
  7 
 11 
 11 
 11 
  7 
  9 
  7 
  8 
  9 
 12 
 13 
  9 
  9 
  8 
  9 
  9 
 11 
 11 
  8 
 11 
  8 
  9 
  9 
  8 
 11 
 13 
  9 
  9 
 11 
  9 
 12 
 11 
 12 
 11 
  16 
 208 
  15 
 531 
 246 
  15 
  15 
  16 
  38 
  12 
  16 
  91 
  15 
  11 
  15 
  11 
  15 
  11 
  15 
  15 
  17 
  13 
  11 
  13 
  15 
   9 
  20 
  13 
  12 
  13 
  24 
  13 
  19 
  12 
  13 
   9 
  11 
  16 
  15 
  16 
  15 
  16 
  13 
  15 
  17 
  12 
  11 
  13 
  15 
  12 
  13 
  16 
  13 
  13 
  12 
  16 
  15 
  17 
  11 
  11 
  11 
  13 
  16 
   8 
  12 
  12 
  13 
  11 
  13 
  13 
  15 
  15 
  15 
  11 
  15 
  15 
   9 
  11 
  11 
  13 
  13 
  12 
  13 
  12 
  13 
  12 
  17 
  13 
  15 
  12 
  15 
  15 
  15 
  12 
  16 
  12 
 12 
 13 
 11 
 11 
 16 
 24 
 12 
 12 
 27 
  9 
  9 
  9 
 13 
  8 
  9 
 12 
  7 
  9 
 11 
  8 
 12 
 11 
  9 
  8 
 11 
  9 
  9 
  8 
 11 
  8 
  8 
  9 
  9 
  8 
 11 
 13 
 13 
  8 
  9 
  8 
  9 
  8 
 12 
 12 
 12 
 13 
  8 
 11 
  9 
  7 
  8 
 11 
  8 
  7 
  8 
 11 
  8 
  8 
  9 
  9 
 11 
  9 
 11 
  9 
 11 
  8 
 11 
  8 
  8 
 11 
 11 
 11 
 13 
 16 
 12 
 24 
  9 
  9 
  9 
  9 
  9 
 11 
  8 
  9 
 13 
  9 
 11 
 12 
 11 
  9 
 11 
  8 
 12 
  8 
  9 
 12 
