   946 
  3993 
  4195 
  3402 
  4705 
  7410 
  7031 
 10580 
  4693 
  1981 
    34 
   334 
   117 
  1303 
  2172 
  3838 
  4590 
  2383 
  6967 
  7753 
  1538 
  1600 
   348 
    34 
    66 
   242 
  1282 
  1339 
  2349 
  4146 
  5417 
  1499 
    62 
    50 
   174 
   107 
    89 
   252 
  1068 
   195 
  2735 
  4232 
  2324 
   860 
   531 
    32 
    35 
    62 
    81 
   354 
   393 
  1301 
  2578 
  4171 
  4900 
  1802 
   961 
   176 
    78 
    54 
    68 
    77 
   134 
   217 
   821 
   639 
  1549 
   921 
  1809 
   285 
    93 
   153 
    37 
    61 
    44 
   396 
   268 
   298 
   331 
   293 
    81 
    51 
    38 
    39 
    33 
    73 
   167 
   180 
   151 
   185 
   115 
   170 
    51 
    32 
    28 
    15 
  3355 
  2041 
  3952 
  5515 
  7198 
  6221 
  7416 
  7263 
    71 
   382 
   231 
   232 
  4685 
  9534 
  1195 
  8685 
 12142 
 14225 
 11178 
  8604 
  7132 
  1655 
  1279 
    58 
   155 
   672 
  2151 
  1094 
  7805 
  7361 
  5535 
  7936 
  3625 
   374 
    13 
    15 
  3052 
   448 
  2788 
  4548 
  8951 
  8289 
  6447 
  4199 
  1346 
   280 
    58 
    51 
   391 
   197 
   522 
  3394 
  5007 
  5385 
  7042 
  2384 
   361 
   125 
    40 
    30 
  1816 
   827 
   844 
  1595 
   702 
  3249 
  4233 
  3715 
   652 
    51 
    32 
    34 
   570 
   105 
  1869 
  3430 
    16 
    13 
  2898 
  2737 
  1773 
   378 
    81 
    40 
   850 
   340 
   486 
    13 
    12 
    12 
  2593 
  2370 
   859 
   389 
   114 
    56 
  15 
  12 
  12 
  20 
  24 
  52 
   9 
  34 
  23 
   8 
  12 
  12 
  16 
  12 
  12 
  11 
   9 
  12 
  12 
   8 
  16 
  12 
  12 
 193 
   9 
   8 
   9 
   9 
   9 
   9 
  11 
   9 
  13 
  15 
  11 
  12 
  11 
  11 
   9 
   8 
   9 
   9 
  11 
   9 
  11 
  12 
  11 
  15 
  12 
   8 
   9 
  11 
   9 
   5 
  11 
  11 
   8 
   9 
  11 
   9 
  11 
  13 
  11 
  11 
   9 
  11 
   9 
  11 
  12 
   8 
  13 
  12 
   9 
  13 
   9 
  11 
   9 
   8 
  11 
  12 
  15 
  11 
  11 
  13 
  12 
  12 
  12 
   9 
  12 
  11 
  12 
  11 
   9 
  12 
  11 
  11 
  20 
 420 
  77 
 415 
 199 
 348 
  17 
 162 
  64 
  99 
  54 
  21 
  21 
  20 
  12 
  12 
  12 
  11 
   9 
  11 
  15 
  13 
   9 
  16 
  13 
  20 
  15 
  15 
  16 
  17 
  15 
  13 
  16 
  19 
  13 
  13 
  17 
  20 
  15 
  23 
  15 
  17 
  16 
  13 
  17 
  21 
  24 
  15 
  15 
  12 
  11 
  16 
  13 
  16 
  13 
  23 
  16 
  13 
  16 
  28 
  29 
  17 
  19 
  19 
  12 
  13 
  15 
  12 
  17 
  20 
  51 
  62 
  30 
  11 
  13 
  13 
  13 
  13 
  16 
  19 
  16 
  13 
  12 
  16 
  23 
  17 
  13 
  12 
  13 
  12 
  11 
  13 
  11 
  11 
  19 
  16 
  9 
  9 
 12 
 13 
 37 
 49 
  8 
 17 
 11 
 75 
 16 
  9 
 12 
  9 
 12 
 11 
 11 
 11 
  9 
 11 
  7 
  9 
 11 
 12 
  9 
  7 
  9 
 11 
 12 
  8 
  9 
 11 
  9 
  9 
  9 
  9 
 11 
 12 
 12 
  9 
  7 
 11 
 12 
  9 
  9 
  7 
  8 
 12 
  9 
 11 
  7 
  9 
 11 
 13 
 11 
  9 
  9 
 12 
  9 
  8 
 11 
 11 
  8 
  8 
  9 
  8 
 11 
 12 
 13 
  9 
 11 
  9 
  9 
 11 
 11 
 11 
  8 
  8 
  7 
  9 
 11 
 11 
  9 
 11 
  9 
  9 
 11 
  9 
  9 
 13 
 12 
  9 
  9 
 11 
 12 
  9 
 12 
 12 
 11 
 49 
 26 
 38 
 12 
  9 
 11 
 11 
 12 
  9 
 12 
 11 
  9 
 11 
  9 
  8 
  8 
 11 
 11 
 12 
  9 
 15 
 11 
  8 
  8 
  9 
  8 
 11 
 11 
  8 
  8 
  9 
  8 
 16 
 15 
 11 
  9 
  9 
  9 
 11 
  9 
  8 
  9 
  8 
 12 
 11 
 12 
  9 
  9 
  9 
  9 
 11 
 11 
  9 
  8 
 11 
  8 
  8 
  9 
  9 
  8 
 11 
  8 
  7 
  8 
  8 
  9 
  8 
 12 
 13 
  9 
 11 
  9 
  8 
  9 
  8 
  9 
 11 
  7 
  9 
 12 
 11 
  8 
  9 
  8 
  9 
  9 
  9 
 12 
 11 
 11 
 11 
  9 
 11 
  13 
  13 
  17 
 758 
 413 
  12 
  15 
  23 
  46 
  13 
  13 
  47 
  13 
  11 
  13 
  13 
  16 
  13 
  16 
  15 
  16 
  16 
  11 
  15 
  11 
  12 
  15 
  15 
  17 
  13 
  19 
  13 
  16 
  15 
  17 
  12 
  11 
  13 
  17 
  15 
  12 
  17 
  12 
  15 
  11 
  13 
  13 
  13 
  13 
  15 
  13 
  17 
  12 
  15 
  13 
  12 
  13 
  24 
  16 
  13 
  12 
  13 
  17 
  11 
  11 
  12 
  16 
  11 
  15 
  13 
   9 
  13 
  15 
  13 
  15 
  15 
  12 
   9 
   9 
  13 
   9 
  11 
  12 
  15 
  12 
  12 
  15 
  12 
  13 
  15 
  11 
  12 
  12 
  13 
  12 
  13 
 11 
 11 
  9 
 11 
 32 
 36 
 11 
 12 
 38 
 47 
 15 
 12 
 12 
 12 
 11 
  7 
 12 
  7 
  9 
  9 
 11 
  8 
 11 
 12 
  9 
  7 
  9 
  8 
  8 
  8 
  9 
 11 
 12 
 13 
 12 
  8 
 13 
 11 
 11 
 11 
 11 
 12 
  9 
  9 
  9 
  8 
  9 
 11 
  9 
  8 
 11 
  9 
  9 
 11 
 11 
 11 
  8 
  9 
 11 
 11 
 13 
 12 
 11 
 11 
 12 
  8 
 11 
  9 
  9 
  9 
  8 
  9 
 16 
 15 
 11 
 26 
 11 
 12 
 11 
 12 
  9 
  8 
  8 
 11 
 12 
 11 
 11 
  9 
 11 
  9 
 11 
  9 
  9 
  9 
 11 
 13 
