   576 
  3489 
  4028 
  2067 
  3227 
  6026 
  5065 
  6348 
  2718 
  1223 
    24 
    21 
   156 
  1635 
  2839 
  5578 
  5919 
  3873 
 11398 
 13271 
  2626 
  2236 
   675 
   176 
   109 
   156 
  1068 
   873 
  1870 
  3150 
  3248 
  1609 
    89 
    38 
   129 
    62 
   132 
   285 
  1258 
   407 
  2745 
  4848 
  4148 
  1251 
   621 
    46 
    35 
    56 
    95 
   401 
   409 
  2036 
  2129 
  6164 
  8160 
  5354 
   723 
   170 
    75 
    52 
    66 
    89 
   132 
   204 
   725 
   715 
  1343 
  1196 
  2188 
   380 
    99 
    82 
    52 
    52 
    54 
   595 
   510 
   505 
   560 
   535 
   121 
    43 
    28 
    38 
    42 
    79 
   179 
   219 
   193 
   238 
   144 
   162 
    60 
    32 
    28 
    19 
  2147 
   744 
  2365 
  3660 
  3936 
  3978 
  4623 
  4271 
    44 
   225 
   158 
   137 
  5372 
 12933 
  2247 
 13868 
 18434 
 25284 
 22083 
 14202 
 12665 
  3445 
  2291 
   134 
   265 
   627 
  2263 
   835 
 10106 
  8392 
  7792 
  8850 
  4340 
   314 
    16 
    16 
  2513 
  1435 
  4201 
  5757 
 11913 
  9836 
  8732 
  6524 
  1904 
   227 
    55 
    46 
   472 
   290 
   915 
  7638 
 11749 
  8067 
 14649 
  5847 
   786 
   119 
    63 
    48 
  1164 
  1013 
  1339 
  3765 
  1273 
  5395 
  9609 
  8079 
   811 
   225 
    64 
    47 
   645 
   208 
  3389 
  5894 
    13 
    15 
  5183 
  5980 
  2923 
   538 
    95 
    55 
  1374 
   438 
   615 
    15 
    12 
    16 
  4390 
  3869 
  1060 
   501 
   148 
    98 
   9 
  13 
  13 
  13 
  11 
  38 
  13 
  24 
  13 
  11 
  12 
  13 
  15 
  11 
  12 
  15 
   7 
   8 
   9 
  11 
  11 
  12 
  13 
 191 
  13 
   8 
  11 
  11 
   8 
  12 
  28 
  11 
  11 
  11 
  11 
  11 
  12 
   9 
   9 
  11 
  11 
   8 
   9 
  11 
  11 
   9 
  13 
  13 
  11 
   7 
  12 
  11 
   9 
  12 
   8 
   9 
  12 
  11 
  13 
  12 
   9 
  11 
  11 
  17 
  12 
  11 
  12 
  11 
  12 
  13 
  12 
  11 
   9 
  12 
  12 
  11 
  11 
  11 
   8 
  12 
  11 
   8 
  11 
  12 
  12 
  12 
  11 
  11 
  11 
  12 
  12 
  11 
  12 
  12 
   9 
  11 
  19 
 269 
  44 
 287 
 383 
 211 
  16 
 134 
  21 
  85 
  51 
  30 
  25 
  20 
  11 
  15 
  11 
  11 
  11 
  15 
  15 
  13 
   9 
  15 
  13 
  19 
  11 
  16 
  15 
  16 
  17 
  13 
  13 
  19 
  17 
  17 
  19 
  24 
  16 
  19 
  15 
  21 
  13 
  13 
  20 
  13 
  23 
  17 
  17 
  13 
  12 
  20 
  15 
  11 
  15 
  25 
  15 
  17 
  15 
  34 
  30 
  20 
  17 
  20 
  12 
  12 
  13 
  12 
  19 
  16 
  52 
  75 
  29 
  15 
  16 
  17 
  13 
  16 
  15 
  17 
  17 
  17 
  19 
  15 
  24 
  11 
  16 
  13 
  16 
  15 
  11 
  13 
  16 
  11 
  23 
  21 
  11 
  12 
   8 
  20 
  19 
  30 
  11 
  16 
  13 
 111 
  16 
  11 
  16 
  11 
  11 
   9 
  11 
  12 
  11 
   9 
  11 
   9 
   9 
   9 
  13 
   8 
   9 
   9 
   9 
   9 
  11 
  11 
   7 
  13 
   8 
   9 
   9 
  11 
   8 
   9 
   9 
   9 
  11 
  11 
  13 
   8 
   9 
   9 
  12 
  11 
   9 
   9 
   9 
  12 
  12 
   8 
   8 
   9 
   8 
   9 
  12 
   8 
   8 
   9 
  11 
   8 
   9 
  12 
   9 
  12 
  11 
  13 
  12 
  15 
   8 
   9 
   9 
   9 
  12 
  13 
   9 
  11 
   9 
  11 
  11 
  12 
  11 
  12 
  12 
   9 
  11 
  12 
  11 
  12 
  12 
   8 
 12 
 12 
 11 
 33 
 19 
 40 
 13 
 11 
  9 
  9 
 12 
 12 
  9 
  8 
 11 
  8 
  9 
 11 
 12 
  8 
  9 
  8 
 11 
 12 
 11 
  9 
 11 
  8 
 11 
  7 
  8 
  9 
  9 
  9 
 12 
 13 
 12 
 12 
  9 
  9 
  8 
  8 
  9 
 11 
 12 
  8 
  9 
  8 
  8 
 12 
  8 
 11 
 11 
  9 
  9 
  9 
 11 
 11 
  9 
 11 
  9 
  9 
  9 
  8 
  9 
  9 
  8 
  8 
 11 
  9 
  8 
 11 
 11 
  8 
  9 
  9 
  9 
  8 
  8 
  8 
  8 
 11 
 11 
 12 
 11 
 12 
  9 
 11 
  9 
  8 
  8 
  9 
 12 
 11 
  8 
 11 
  16 
  15 
  16 
 922 
 192 
  17 
  15 
  31 
  32 
  16 
  19 
  28 
  13 
  12 
  16 
  16 
  17 
  17 
  12 
  17 
  17 
  16 
   9 
  16 
  13 
  15 
  19 
  16 
  17 
  17 
  17 
  15 
  15 
  17 
  17 
  12 
  11 
  15 
  16 
  13 
  13 
  16 
  13 
  13 
  15 
  15 
  15 
  17 
  13 
  15 
  12 
  23 
  12 
  15 
  11 
  15 
  13 
  21 
  13 
  15 
  13 
  13 
  16 
  12 
  15 
  13 
  13 
  11 
  12 
  17 
  12 
  15 
  12 
  13 
  12 
  12 
  13 
  11 
  15 
  15 
  13 
  15 
  12 
  16 
  13 
   9 
  13 
  13 
  12 
  13 
  13 
  15 
  15 
  12 
  16 
  16 
  8 
 13 
 11 
 12 
 29 
 29 
 13 
 13 
 48 
 13 
 13 
 11 
 12 
  9 
 11 
 12 
  8 
  8 
  9 
  9 
 11 
  9 
  8 
  9 
 13 
  9 
  9 
  8 
 11 
  8 
 12 
 11 
  9 
  7 
  9 
  9 
 15 
  7 
 13 
 11 
  9 
  9 
  8 
  9 
 11 
 11 
 11 
  8 
 11 
 12 
  8 
 11 
  8 
 12 
 11 
  9 
 11 
  9 
 11 
 11 
 12 
 13 
 11 
 11 
 15 
  8 
 11 
  9 
 11 
  8 
 15 
 11 
 17 
 19 
 13 
 23 
  8 
 11 
  8 
  8 
 12 
  9 
  8 
 12 
 12 
 11 
 13 
  8 
 11 
  9 
 12 
  8 
  9 
  9 
  8 
 12 
