   404 
  4277 
  5768 
  6389 
 10274 
  8338 
 11405 
 20675 
  7678 
  1777 
    31 
    39 
   325 
  3312 
  5724 
 11154 
 12288 
  7641 
 18230 
 27749 
  4827 
  4021 
  1274 
   254 
   127 
   244 
  1219 
  1066 
  2681 
  4481 
  5564 
  4120 
    82 
    44 
   106 
    50 
   272 
   719 
  3336 
  1461 
  6761 
 13234 
 11868 
  5862 
  1664 
   134 
    66 
    64 
   139 
  1127 
  1143 
  5843 
  5527 
 16855 
 18487 
 17137 
  1861 
   425 
   119 
    62 
   122 
   191 
   368 
   600 
  1991 
  1572 
  3668 
  3506 
  4801 
   781 
   185 
    85 
    33 
    52 
    50 
   580 
   567 
   502 
   538 
   544 
   136 
    55 
    38 
    32 
    41 
    61 
   152 
   181 
   178 
   208 
   140 
   133 
    46 
    30 
    34 
    16 
  5231 
  1102 
  4863 
  6429 
 10753 
  9495 
  7572 
  9326 
    40 
   319 
   247 
   119 
  5969 
 15490 
  4353 
 20661 
 26515 
 37490 
 50594 
 27065 
 22954 
  4662 
  7878 
   719 
   635 
  1639 
  7132 
   678 
 26201 
 20293 
 18450 
 26110 
 12971 
   785 
    16 
    15 
  3716 
  2429 
 12970 
 17612 
 30086 
 22709 
 25139 
 20064 
  4550 
   546 
   118 
    62 
   833 
   816 
  2467 
 25984 
 30310 
 20130 
 32709 
 19462 
  1884 
   278 
   127 
    60 
  1570 
  2065 
  3214 
 11114 
  3004 
 13326 
 22377 
 17034 
  1480 
   671 
   121 
    50 
  1152 
   597 
  8295 
 14682 
    20 
    16 
 11504 
 13018 
  5987 
  1019 
   232 
    72 
  2063 
   811 
  1066 
    17 
    15 
    13 
  9019 
  7705 
  1988 
   887 
   315 
   168 
  13 
  11 
   9 
  15 
  12 
  34 
   9 
  38 
  15 
   9 
  12 
   9 
  11 
   9 
  12 
  11 
  12 
  12 
   9 
  11 
  13 
  11 
  15 
 177 
  12 
  12 
   9 
  12 
  11 
   9 
  12 
  11 
  11 
  11 
  13 
  12 
  11 
  12 
  17 
   9 
  11 
  11 
   9 
   8 
   9 
  12 
  11 
  13 
  13 
   9 
  12 
  11 
  11 
   9 
  12 
  11 
   9 
  11 
   9 
  11 
  15 
  11 
  12 
  12 
  13 
  12 
   8 
   9 
  11 
   8 
  11 
  12 
  13 
  12 
   8 
   9 
  13 
   9 
   8 
  11 
  12 
   9 
  11 
  13 
  12 
  13 
  12 
  12 
   9 
  11 
  12 
  12 
  11 
  13 
   8 
  12 
  21 
 917 
  21 
 193 
 241 
 155 
   9 
  93 
  36 
  62 
  34 
  25 
  24 
  15 
  13 
  12 
  11 
  11 
  12 
  15 
  13 
  12 
  15 
  20 
  17 
  15 
  13 
  17 
  17 
  16 
  16 
  12 
  13 
  19 
  19 
  16 
  20 
  30 
  15 
  21 
  17 
  15 
  11 
  13 
  20 
  13 
  24 
  20 
  19 
  13 
  16 
  21 
  12 
  11 
  15 
  21 
  15 
  17 
  15 
  36 
  36 
  21 
  16 
  15 
  13 
  13 
  12 
  13 
  16 
  20 
  60 
 102 
  40 
  16 
  15 
  12 
  12 
  12 
  16 
  16 
  15 
  13 
  16 
  17 
  25 
  12 
  12 
  12 
  16 
  16 
  12 
  12 
  12 
  12 
  21 
  20 
  9 
 11 
  9 
 11 
 19 
 44 
  9 
 13 
 15 
 60 
 12 
 11 
 13 
  8 
  8 
 13 
 11 
 12 
 13 
 11 
  8 
  8 
  9 
 15 
 11 
  7 
  9 
  9 
 12 
  8 
  9 
  9 
  8 
 11 
 11 
  8 
  9 
  8 
  9 
  7 
  9 
 11 
  9 
 11 
  9 
  8 
  9 
 12 
 11 
 11 
 12 
  9 
  7 
  8 
  7 
  8 
  8 
 11 
 11 
  9 
  8 
  8 
 11 
  8 
  9 
  9 
  9 
  8 
  9 
 12 
  8 
 11 
 11 
 11 
  9 
  8 
  9 
  8 
  8 
  9 
  9 
  9 
  8 
 12 
  9 
 12 
  9 
  8 
  8 
 11 
  9 
 11 
 12 
  9 
 15 
 12 
 15 
  9 
 12 
 23 
 21 
 32 
 11 
 13 
 13 
  9 
 11 
 12 
 11 
 13 
 12 
  9 
 13 
 11 
  8 
 11 
 11 
 12 
 12 
 13 
  9 
  9 
 11 
  8 
 11 
 11 
  9 
  9 
 12 
  7 
  7 
 11 
 11 
  8 
  9 
  9 
  9 
  9 
  8 
  8 
  9 
 11 
  9 
 15 
 11 
 11 
  8 
 11 
 11 
  8 
  8 
  8 
 12 
 11 
 11 
  9 
 11 
 11 
  7 
  8 
 11 
  9 
  8 
  7 
  7 
  9 
 11 
 12 
  9 
  9 
 11 
 12 
  9 
  8 
 11 
  9 
  9 
 11 
  8 
 11 
 12 
 12 
  9 
  8 
  8 
  7 
  8 
  9 
 11 
  8 
 12 
 11 
  13 
  11 
  16 
 559 
 242 
  17 
  16 
  21 
  36 
  48 
  12 
  34 
  16 
  13 
  13 
  12 
  13 
  13 
  15 
  17 
  15 
  19 
  16 
  28 
  12 
  13 
  17 
  16 
  13 
  16 
  25 
  12 
  17 
  12 
  16 
  11 
  12 
  19 
  17 
  12 
  15 
  15 
  13 
  15 
  19 
  13 
  13 
  16 
  13 
  15 
  15 
  16 
  16 
  16 
  16 
  16 
  12 
  31 
  13 
  13 
  12 
  12 
  15 
  15 
  13 
  11 
  15 
  11 
  13 
  12 
  11 
  16 
  16 
  11 
  12 
  17 
  11 
  13 
  12 
  16 
  12 
  15 
  17 
  12 
  15 
  12 
  13 
  16 
  15 
  12 
  13 
  16 
  16 
  16 
  13 
  15 
 13 
  9 
  9 
 13 
 20 
 23 
 13 
 11 
 51 
 13 
 12 
 12 
 11 
 11 
 11 
  9 
  9 
 11 
  9 
  9 
  9 
 11 
 11 
  9 
 12 
 11 
 11 
 12 
 12 
 11 
 11 
  8 
  8 
  8 
  9 
 11 
  9 
 12 
 11 
 11 
  9 
  9 
  8 
  9 
  9 
 11 
  8 
 11 
  8 
 12 
 11 
  9 
  9 
  7 
 11 
  9 
  7 
  9 
  8 
 12 
 13 
 13 
  9 
 11 
  8 
 11 
  9 
  8 
  9 
  9 
  9 
 11 
 15 
 15 
 12 
 25 
 11 
  9 
  7 
  9 
 11 
  8 
  8 
 13 
  9 
  9 
 12 
 11 
  9 
 11 
  9 
  9 
  9 
  8 
 11 
 13 
