   329 
  1848 
  2076 
  2754 
  4269 
  4273 
  4823 
  7818 
  2747 
   705 
    34 
    20 
   262 
  3245 
  4687 
  8731 
 10033 
  5158 
 14746 
 17057 
  3515 
  3617 
   923 
    58 
    68 
    97 
   473 
   424 
   850 
  1690 
  1968 
   577 
    38 
    31 
    75 
    72 
   200 
   583 
  2158 
   403 
  4328 
  9253 
  5462 
  1400 
   809 
    52 
    59 
    87 
   123 
   636 
   846 
  2765 
  3198 
 10582 
 10947 
  5117 
  1776 
   392 
   114 
    66 
   102 
   142 
   258 
   379 
   970 
  1199 
  1804 
  1764 
  3139 
   562 
   166 
   149 
    46 
    76 
    54 
   458 
   340 
   371 
   407 
   353 
   106 
    58 
    34 
    27 
    26 
    58 
   117 
   146 
   131 
   139 
    95 
   133 
    47 
    31 
    27 
    16 
  1775 
   661 
  1776 
  2586 
  3728 
  3398 
  2906 
  2953 
    51 
   164 
    78 
    66 
  7288 
 16490 
  2683 
 16781 
 22632 
 29547 
 29559 
 20094 
 15653 
  3601 
  2310 
   114 
   438 
  1462 
  3639 
   481 
 16902 
 12896 
 10774 
 13657 
  6356 
   797 
    16 
    15 
  4659 
  1076 
  5965 
  8548 
 19344 
 15063 
 12096 
  7696 
  2570 
   574 
   109 
    78 
   666 
   507 
  1155 
 11053 
 11220 
 10441 
 15626 
  6076 
   871 
   259 
    74 
    54 
  2803 
  1775 
  1861 
  3703 
  1265 
  7014 
 10629 
  8278 
  1166 
    50 
    64 
    47 
   905 
   261 
  4269 
  7417 
    15 
    17 
  6073 
  6058 
  3673 
   801 
   137 
    64 
  1402 
   737 
   815 
    15 
    15 
    16 
  5630 
  4880 
  1641 
   821 
   252 
   117 
  13 
  11 
   9 
  15 
  13 
  21 
   9 
  32 
  19 
  13 
  12 
   9 
   9 
  11 
  12 
  11 
   9 
   9 
  11 
  12 
  12 
  13 
   9 
 309 
  12 
  12 
  11 
  11 
  11 
  11 
  11 
   8 
  12 
  11 
  11 
  11 
   9 
   9 
  11 
  11 
  11 
   9 
   9 
  12 
  11 
  11 
  13 
   9 
  13 
  12 
   9 
  12 
  11 
  13 
  11 
   9 
   8 
  11 
  13 
  13 
  16 
  13 
  11 
   8 
   9 
  12 
  12 
  16 
   9 
   9 
  11 
  11 
  11 
  13 
  12 
   8 
  11 
   9 
  11 
  11 
  11 
   9 
   7 
  11 
  12 
   9 
  11 
   9 
  11 
  12 
   9 
  13 
  12 
  11 
  11 
  13 
  24 
 363 
 350 
 252 
 187 
 257 
  16 
  90 
  68 
  71 
  35 
  27 
  23 
  20 
  13 
  12 
  12 
  12 
   9 
  12 
  11 
  12 
  12 
  16 
  15 
  17 
  12 
  17 
  17 
  12 
  15 
  13 
  16 
  19 
  13 
  19 
  17 
  19 
  16 
  20 
  16 
  16 
  12 
  13 
  19 
  20 
  20 
  19 
  17 
  13 
  13 
  19 
  12 
  12 
  16 
  24 
  16 
  15 
  16 
  31 
  30 
  20 
  16 
  19 
  12 
  12 
  11 
  11 
  19 
  17 
  51 
  81 
  30 
  16 
  13 
  16 
  16 
  13 
  13 
  17 
  15 
  11 
  16 
  16 
  23 
  13 
  13 
  13 
  13 
  13 
  11 
   9 
  11 
  12 
  20 
  20 
  13 
   7 
   9 
  12 
  21 
  33 
   8 
  21 
  11 
 146 
  12 
  11 
  11 
   7 
   8 
   7 
   8 
   9 
  11 
   9 
   8 
   9 
   9 
   8 
  13 
  11 
   7 
  12 
   9 
  11 
  11 
   9 
   8 
   9 
   7 
  11 
   8 
  12 
  11 
   9 
   9 
  11 
   9 
  11 
   8 
  11 
   9 
   9 
  11 
   8 
  11 
   8 
  11 
  11 
  11 
  11 
  11 
  11 
  11 
   9 
  12 
   8 
   9 
   9 
   7 
   8 
   8 
  11 
   8 
   9 
  11 
  12 
   8 
   8 
   9 
   9 
   9 
   9 
   8 
  11 
   9 
   9 
   9 
   9 
   8 
   9 
  11 
  11 
  11 
   9 
  11 
   9 
   8 
  13 
   9 
  11 
 12 
  9 
  8 
 52 
 19 
 41 
  9 
  9 
  9 
 11 
 12 
 12 
 12 
 12 
  9 
  9 
  9 
 12 
 11 
  9 
 11 
  8 
 11 
 12 
 11 
 11 
 11 
 11 
 11 
 12 
 11 
  8 
  9 
  9 
 11 
  8 
 12 
  8 
  9 
  9 
  9 
  8 
  9 
 11 
  9 
  9 
  8 
 13 
  9 
  9 
 11 
 11 
  9 
 11 
  9 
  9 
 11 
  9 
  8 
  8 
  9 
 12 
  9 
  9 
  9 
  8 
  9 
  8 
  9 
 12 
 11 
 13 
 11 
  8 
 11 
 12 
 11 
  9 
 12 
 11 
 11 
 12 
 11 
  9 
  9 
 11 
  9 
  9 
  8 
  9 
 11 
  8 
  8 
  9 
  9 
  9 
   13 
   16 
   16 
 1244 
  114 
   17 
   11 
   17 
   58 
  470 
   46 
   39 
   12 
   12 
   15 
   16 
   15 
   12 
   17 
   15 
   16 
   13 
   15 
   19 
   15 
   11 
   16 
   12 
   15 
   12 
   24 
   16 
   17 
   15 
   15 
   12 
   12 
   16 
   17 
   17 
   13 
   13 
   11 
   16 
   15 
   15 
   15 
   11 
   15 
   17 
   15 
   16 
   11 
   15 
   15 
   12 
   12 
   21 
   16 
   16 
   13 
   11 
   15 
   12 
    9 
   12 
   13 
   11 
   15 
   12 
   12 
   13 
   11 
   12 
   13 
   17 
   13 
   13 
   12 
   13 
   13 
   11 
   13 
   11 
   11 
   13 
   13 
   15 
    9 
   12 
   12 
   13 
   15 
   12 
   13 
   13 
  9 
 12 
  8 
 12 
 34 
 29 
 15 
 12 
 34 
  9 
 13 
 11 
 11 
 11 
  9 
 12 
  9 
  9 
  8 
  9 
 11 
  8 
 12 
 15 
 13 
  9 
 11 
 11 
 11 
  9 
 11 
  8 
  9 
 13 
  9 
  8 
 11 
  9 
  9 
  9 
  9 
  9 
  9 
  8 
  7 
  7 
 11 
 11 
 12 
  9 
  8 
  9 
  9 
  9 
  9 
  9 
  8 
 12 
 13 
  8 
 11 
 11 
  8 
 11 
  9 
  8 
  9 
  9 
  7 
  9 
  7 
 11 
 13 
 17 
 13 
 23 
  9 
  8 
  8 
  8 
  8 
  9 
 11 
 12 
 11 
  8 
  9 
  9 
  8 
 11 
 13 
  9 
  9 
  8 
  8 
 15 
