   407 
  2639 
  2974 
  2232 
  3608 
  4916 
  4674 
  6214 
  2511 
   837 
    23 
    31 
   189 
  2110 
  3733 
  7478 
  7637 
  5125 
 14707 
 17686 
  3349 
  2959 
   923 
   219 
   109 
   119 
   682 
   566 
  1243 
  2151 
  2272 
  1090 
    74 
    31 
   106 
    47 
   183 
   364 
  1726 
   534 
  3485 
  6524 
  5681 
  1517 
   753 
    54 
    44 
    54 
   106 
   538 
   539 
  2742 
  2496 
  8214 
 10683 
  7898 
   902 
   239 
    89 
    63 
    81 
   106 
   160 
   258 
   860 
   929 
  1580 
  1609 
  2652 
   480 
   110 
    91 
    46 
    58 
    58 
   619 
   544 
   518 
   582 
   546 
   129 
    42 
    31 
    31 
    42 
    70 
   160 
   201 
   178 
   221 
   141 
   149 
    54 
    30 
    27 
    16 
  1829 
   523 
  1749 
  2614 
  2946 
  3019 
  3158 
  2957 
    20 
   238 
   110 
   109 
  6388 
 16174 
  2983 
 17875 
 23148 
 33193 
 30413 
 19056 
 17179 
  4266 
  3171 
   193 
   370 
   843 
  3028 
   640 
 13252 
 10184 
  9736 
 10463 
  5532 
   385 
    13 
    12 
  3117 
  1761 
  5690 
  7364 
 15504 
 12269 
 10978 
  8369 
  2506 
   299 
    75 
    63 
   620 
   403 
  1240 
 11439 
 15915 
 10228 
 19440 
  8275 
  1070 
   162 
    89 
    55 
  1293 
  1360 
  1771 
  5414 
  1664 
  7061 
 12991 
 10772 
  1013 
   376 
    78 
    54 
   827 
   295 
  4647 
  7946 
    16 
    17 
  6670 
  7836 
  3795 
   695 
   140 
    66 
  1587 
   574 
   733 
    17 
    16 
    13 
  5701 
  4967 
  1357 
   656 
   203 
   132 
  15 
  12 
   9 
  17 
  13 
  45 
  11 
  24 
  17 
  12 
  11 
  11 
  12 
   9 
  11 
   8 
  11 
  11 
  15 
   9 
   8 
  11 
  12 
 215 
  15 
  12 
  12 
   8 
  12 
  11 
  11 
   8 
  11 
  11 
  13 
  11 
  12 
  13 
  12 
   9 
   9 
  11 
  11 
   8 
  11 
  11 
   8 
   9 
  11 
   9 
  12 
   8 
  12 
  11 
  11 
  11 
  11 
   9 
   9 
  12 
  11 
  12 
  11 
   9 
  11 
  12 
  12 
  11 
   9 
  12 
  11 
  11 
  11 
   8 
  11 
  12 
  12 
   8 
   9 
   8 
  11 
   9 
  11 
   9 
  12 
   9 
  12 
   8 
  12 
  11 
  12 
  11 
  12 
  11 
  13 
  11 
  20 
 290 
  36 
 307 
 359 
 217 
  12 
  72 
  23 
  95 
  38 
  48 
  23 
  17 
  13 
   8 
  15 
  11 
   8 
  12 
  15 
  13 
  15 
  16 
  15 
  15 
  17 
  17 
  16 
  16 
  15 
  13 
  15 
  19 
  16 
  20 
  19 
  25 
  13 
  21 
  19 
  17 
  17 
  15 
  17 
  12 
  19 
  23 
  19 
  15 
  15 
  16 
  12 
   8 
  13 
  21 
  17 
  15 
  12 
  28 
  32 
  17 
  19 
  16 
  13 
  16 
   9 
  12 
  19 
  17 
  55 
  85 
  29 
  13 
  15 
  16 
  13 
  15 
  16 
  15 
  13 
  12 
  16 
  17 
  21 
  12 
  13 
  12 
  13 
  12 
  13 
  12 
  12 
  12 
  16 
  17 
  12 
   9 
  12 
  15 
  23 
  57 
   8 
  16 
   9 
 132 
  13 
  11 
  11 
  13 
  11 
   8 
  12 
   8 
  11 
  11 
   7 
  11 
  11 
   9 
   9 
   8 
  12 
  11 
  11 
  11 
   8 
  11 
  11 
   9 
   8 
  11 
  12 
   8 
  11 
   9 
   7 
   7 
   8 
   8 
  11 
   9 
  12 
  11 
   9 
  12 
   8 
   9 
  11 
   9 
  11 
  11 
  11 
  12 
   9 
  13 
  12 
   8 
  11 
  11 
  11 
   8 
   8 
  11 
  11 
   9 
   8 
   9 
  13 
   9 
   8 
   9 
  11 
   8 
   9 
  11 
   9 
   9 
  11 
  12 
   9 
   9 
  12 
   8 
  12 
  11 
   9 
   9 
  12 
   8 
   9 
   9 
 12 
  8 
 12 
 25 
 24 
 44 
 12 
 12 
 11 
  9 
 12 
 11 
 11 
 11 
 12 
 12 
  8 
 13 
 13 
 11 
 12 
  9 
 11 
 13 
 11 
 11 
 12 
  8 
  9 
  9 
 12 
  7 
 11 
  8 
 11 
  8 
 11 
 11 
  9 
  9 
  9 
  8 
 11 
  9 
  9 
 12 
  7 
 13 
  9 
  9 
 11 
  9 
  9 
 12 
  8 
  8 
 13 
 13 
 12 
  8 
 13 
 11 
  8 
  9 
  9 
  9 
  8 
  9 
  9 
 11 
 11 
 13 
 12 
  8 
  9 
  7 
 12 
  9 
  8 
  8 
 11 
  9 
 12 
 12 
 13 
 11 
 11 
 12 
  9 
  9 
  9 
  9 
  9 
  8 
  7 
 13 
  15 
  13 
  16 
 583 
 209 
  17 
  12 
  19 
  32 
  11 
  17 
  39 
  12 
  12 
  17 
  12 
  17 
  15 
  17 
  16 
  13 
  16 
  17 
  13 
   9 
  13 
  17 
  13 
  12 
  13 
  20 
  13 
  17 
  15 
  13 
  12 
  13 
  16 
  17 
  12 
  13 
  16 
  13 
  13 
  15 
  15 
  13 
  16 
  11 
  15 
  13 
  20 
  11 
  15 
  12 
  15 
  11 
  21 
  15 
  15 
  13 
  11 
  19 
  15 
  13 
   9 
  13 
  12 
  15 
  16 
  15 
  13 
  16 
  15 
  11 
  15 
  11 
  16 
  12 
  15 
  11 
   9 
  12 
  12 
  15 
  13 
  16 
  15 
  11 
  13 
  13 
  15 
  17 
  12 
  13 
  13 
  9 
 11 
 11 
 15 
 20 
 28 
 11 
 13 
 40 
 12 
 11 
 12 
  8 
 11 
 12 
  8 
 11 
 12 
 11 
 11 
 12 
  9 
 11 
 11 
 13 
 11 
  9 
 12 
  8 
  9 
  9 
 11 
 11 
 12 
  7 
 12 
 12 
 11 
  9 
  9 
  8 
  8 
  9 
  9 
 11 
  8 
 12 
 12 
 12 
  9 
  8 
 11 
  9 
 11 
 11 
  8 
 11 
  8 
  9 
 11 
 12 
 13 
  8 
 12 
  9 
  9 
  7 
 11 
  7 
 12 
  8 
 12 
 16 
 19 
 11 
 21 
  9 
  8 
 12 
  7 
 11 
  9 
 12 
 11 
 12 
 12 
 12 
  9 
 12 
 11 
 12 
 11 
 11 
 11 
 11 
 11 
