  550 
 1647 
 1478 
 3006 
 4014 
 3925 
 4819 
 9534 
 3304 
 1082 
   43 
  101 
  220 
  754 
 1721 
 3937 
 5426 
 3216 
 4254 
 6470 
 1217 
 1086 
  169 
   24 
   45 
  347 
  767 
  743 
 1586 
 3065 
 3512 
  718 
   62 
  107 
  326 
   76 
  160 
  331 
  958 
  265 
 3129 
 6706 
 2616 
  419 
  658 
   32 
   60 
   99 
  249 
  286 
  469 
 2012 
 2729 
 4411 
 3629 
 1700 
  800 
  255 
  189 
  103 
  261 
  261 
  234 
  310 
 1072 
  760 
 1666 
 1621 
  875 
  208 
  107 
  168 
   21 
   58 
   37 
  114 
   85 
  102 
  105 
   95 
   43 
   48 
   31 
   31 
   19 
   33 
   85 
   81 
   60 
   86 
   64 
   91 
   39 
   36 
   21 
   19 
 1570 
 1326 
 2791 
 3371 
 6455 
 4730 
 6080 
 4900 
   24 
  248 
  148 
  141 
   25 
   12 
 1783 
 5619 
 5789 
 6180 
 5242 
 5285 
 5007 
 1033 
  688 
   46 
  215 
 1049 
 2787 
  979 
 7347 
 7825 
 3935 
 7082 
 4215 
  470 
   13 
   11 
   24 
  494 
 3193 
 5201 
 8354 
 8016 
 5998 
 4558 
 1590 
  514 
   78 
  118 
  721 
  282 
  783 
 2512 
 3251 
 4365 
 3978 
 2061 
  348 
  185 
   35 
   40 
   23 
  951 
 1099 
 1865 
  948 
 3039 
 2342 
 2719 
  556 
  212 
   32 
   52 
  627 
  123 
 1863 
 3407 
   13 
    8 
 2295 
 2330 
 1722 
  291 
  103 
   89 
  885 
  513 
  487 
   13 
   12 
   12 
 1883 
 2377 
  897 
  330 
  146 
   67 
  11 
   8 
  12 
  19 
  16 
  45 
  12 
  27 
  13 
  11 
  12 
  12 
  13 
  12 
   9 
  11 
  11 
   9 
   8 
  12 
  13 
   9 
   9 
 161 
  12 
  11 
  11 
   9 
   9 
  12 
   8 
  11 
   8 
  11 
   9 
  13 
   9 
  13 
  11 
   9 
   9 
   9 
   8 
  12 
  11 
   9 
  12 
  12 
  12 
  12 
  11 
  11 
  11 
   9 
   9 
   8 
   8 
   9 
  11 
   9 
  12 
   9 
  12 
   8 
  12 
   9 
  12 
  11 
  11 
  11 
   9 
  11 
   9 
  12 
   9 
   9 
  13 
   9 
  11 
  11 
  12 
   9 
  11 
  12 
  11 
  15 
  12 
   9 
   8 
  13 
  15 
  11 
  11 
  12 
  11 
  11 
  20 
 682 
 570 
 453 
 339 
 238 
  17 
 197 
  50 
  62 
  47 
  21 
  24 
  15 
  13 
  13 
  11 
  12 
  15 
  15 
  11 
  15 
  12 
  17 
  13 
  13 
  15 
  15 
  15 
  17 
  17 
  12 
  15 
  20 
  12 
  13 
  20 
  19 
  15 
  19 
  16 
  19 
  15 
  16 
  17 
  19 
  20 
  20 
  19 
  11 
  13 
  19 
  12 
  11 
  15 
  20 
  15 
  15 
  13 
  27 
  32 
  19 
  15 
  13 
  12 
  12 
  12 
  15 
  17 
  16 
  48 
  68 
  25 
  12 
  13 
  15 
  13 
  15 
  13 
  13 
  15 
  15 
  17 
  16 
  17 
   9 
  11 
  12 
  12 
  13 
   9 
  12 
  11 
  13 
  13 
  16 
  11 
   8 
  12 
  15 
  23 
  26 
   9 
  15 
  35 
 101 
  16 
  11 
  11 
   9 
  11 
   9 
   8 
   8 
  12 
   9 
   9 
  11 
  11 
  11 
  11 
   9 
  11 
   7 
   9 
   9 
   8 
   9 
   8 
  11 
   7 
  11 
  11 
  12 
   7 
   9 
   8 
   9 
   8 
   9 
   8 
   9 
  12 
  11 
  11 
  12 
   7 
  11 
   8 
   9 
   8 
   9 
   9 
   9 
  11 
  12 
   8 
  11 
   9 
   9 
   8 
   8 
  11 
   7 
  11 
   9 
  12 
  11 
  12 
   9 
   7 
  11 
   9 
  11 
   9 
   7 
   9 
  11 
   7 
  12 
  12 
  12 
   9 
  11 
   8 
   8 
   8 
   9 
  12 
  11 
  12 
   8 
 12 
 12 
 12 
 38 
 25 
 33 
  9 
 12 
 12 
  9 
  9 
  9 
 13 
 11 
 12 
  7 
 12 
 11 
 12 
  9 
 11 
 11 
 11 
  8 
  8 
  9 
 11 
 15 
  8 
 12 
  8 
 12 
  9 
 11 
 11 
  9 
 11 
 11 
 11 
  9 
  9 
 12 
  9 
  9 
  9 
  9 
  8 
 12 
 11 
  8 
 11 
  9 
  9 
  9 
 12 
  7 
  7 
  9 
  9 
 11 
  9 
  9 
  8 
 11 
  8 
  9 
  8 
  8 
 12 
  9 
  8 
 11 
 11 
  8 
 12 
 12 
  9 
  9 
  9 
  9 
  8 
  9 
 12 
 12 
 13 
 12 
 11 
 12 
 11 
  9 
 12 
  9 
 12 
  9 
 11 
  9 
  15 
 245 
  15 
 668 
 266 
  13 
  12 
  34 
  56 
  15 
  13 
  19 
  11 
  12 
  16 
  15 
  15 
  15 
  16 
  16 
  13 
  15 
  11 
  16 
  15 
  12 
  15 
  11 
  12 
  20 
  20 
  12 
  20 
  12 
  13 
  15 
  11 
  19 
  12 
  11 
  12 
  13 
  15 
  16 
  16 
  15 
  13 
  11 
  11 
  15 
  15 
  15 
  12 
  13 
  13 
  16 
  15 
  20 
  15 
  12 
   9 
  13 
  16 
   9 
  12 
  13 
  15 
  13 
  13 
  13 
  13 
  15 
  15 
  12 
  13 
  12 
  12 
  11 
  15 
  12 
  13 
  15 
  12 
  12 
  17 
  12 
  16 
  16 
  13 
  12 
  12 
  13 
  15 
  15 
  11 
  12 
 15 
 11 
 13 
 11 
 23 
 24 
 11 
  7 
 35 
  9 
 11 
 12 
 11 
  9 
 11 
  7 
  9 
  5 
  9 
  9 
 11 
 11 
  9 
 12 
 11 
  8 
 11 
  9 
  9 
  9 
  8 
  9 
  9 
  9 
 11 
  9 
 15 
  9 
  9 
  8 
  8 
  8 
  9 
  8 
  9 
  9 
 11 
 11 
 12 
  9 
 12 
  9 
 11 
  9 
  9 
 12 
  7 
  8 
  9 
 11 
 11 
 12 
  9 
 11 
 11 
 12 
  9 
  8 
  9 
  9 
  9 
 12 
 11 
 17 
 11 
 20 
  9 
 11 
 11 
 11 
  9 
 12 
 12 
 11 
  9 
  9 
 12 
  8 
  9 
  8 
  9 
 11 
  9 
  9 
 12 
  9 
