   506 
  1749 
  1856 
  3608 
  5125 
  4454 
  5740 
 11256 
  3873 
  1107 
    25 
    32 
   307 
  1608 
  3344 
  6143 
  8119 
  4459 
  6494 
 10103 
  1906 
  2088 
   345 
    30 
    49 
   323 
   784 
   681 
  1719 
  3171 
  3966 
   663 
    66 
    79 
   204 
   113 
   168 
   546 
  1737 
   380 
  4587 
  9233 
  3722 
   827 
  1003 
    67 
    51 
    93 
   179 
   523 
   858 
  2668 
  3873 
  7024 
  5274 
  2401 
  1482 
   385 
   121 
    66 
   193 
   270 
   309 
   485 
  1472 
  1190 
  2539 
  2500 
  1774 
   327 
   126 
   140 
    28 
    87 
    46 
   180 
   130 
   148 
   153 
   148 
    55 
    55 
    30 
    30 
    23 
    42 
   118 
   117 
    76 
   110 
    72 
   123 
    46 
    38 
    23 
    17 
  2423 
  1311 
  3218 
  3954 
  7083 
  5395 
  5943 
  5132 
    27 
   197 
   132 
   109 
   845 
  3819 
  2647 
  8548 
  8010 
  9022 
  8866 
  8087 
  7301 
  1655 
  1204 
    82 
   330 
  1694 
  3599 
   902 
 11766 
 11367 
  6399 
 11143 
  5724 
   796 
    12 
    12 
    23 
   803 
  4578 
  6988 
 13512 
 11653 
  8729 
  5856 
  2112 
   757 
    72 
    58 
   772 
   440 
  1147 
  4538 
  4697 
  6519 
  6348 
  2924 
   493 
   287 
    50 
    36 
   759 
  1394 
  1739 
  2386 
  1062 
  4350 
  3793 
  3951 
   931 
   278 
    34 
    30 
   946 
   147 
  2685 
  4736 
    15 
    12 
  3385 
  3271 
  2421 
   515 
   114 
    43 
   958 
   718 
   792 
    12 
    11 
    16 
  2975 
  3038 
  1401 
   537 
   189 
    64 
  12 
  12 
  11 
  23 
  19 
  57 
  11 
  15 
  19 
  12 
  12 
  12 
  15 
  11 
  13 
   8 
  13 
  12 
  11 
   8 
  11 
  11 
   9 
 208 
  11 
   9 
  11 
  12 
   9 
   7 
   8 
   9 
  13 
  11 
  11 
  12 
  12 
   9 
   9 
   9 
  12 
  12 
   9 
  12 
  13 
   9 
  11 
  12 
  13 
   9 
   9 
  13 
  11 
   9 
  12 
   8 
  12 
   9 
  11 
  11 
  13 
  11 
   9 
   9 
   8 
   8 
  11 
   8 
  15 
   9 
  12 
  11 
   9 
   9 
  11 
   9 
  12 
   9 
   8 
  11 
  11 
  12 
  11 
  11 
  12 
   9 
   9 
  11 
   9 
   9 
  12 
  11 
  12 
   9 
   9 
  11 
  20 
 477 
 583 
 273 
 301 
 268 
  16 
 138 
  42 
  51 
 515 
  25 
  20 
  15 
  13 
  12 
   9 
   9 
  13 
  12 
  15 
  12 
  13 
  20 
  13 
  19 
  13 
  15 
  15 
  12 
  16 
  16 
  16 
  20 
  13 
  16 
  17 
  17 
  12 
  24 
  13 
  17 
  15 
  15 
  17 
  15 
  21 
  17 
  15 
  12 
  13 
  16 
  13 
  15 
  13 
  24 
  13 
  13 
  12 
  31 
  36 
  17 
  15 
  15 
  11 
  13 
  13 
  11 
  16 
  17 
  51 
  72 
  24 
  13 
  13 
  17 
  13 
  15 
  13 
  17 
  15 
  12 
  17 
  16 
  20 
  11 
  11 
   8 
  15 
  13 
  12 
  11 
  12 
   9 
  17 
  17 
  12 
  11 
  11 
  11 
  21 
  29 
   9 
  16 
  62 
 185 
  17 
  11 
  11 
   9 
  11 
  11 
  11 
   9 
   8 
   8 
  11 
  12 
  11 
   9 
  11 
  12 
   9 
  11 
   7 
   9 
   9 
   9 
   9 
  11 
   8 
  11 
   9 
   9 
   8 
   9 
  12 
   9 
  12 
   9 
   8 
   8 
   9 
  11 
  11 
   9 
   9 
   9 
   8 
  11 
   9 
  11 
   9 
  12 
  11 
  11 
  11 
  12 
   8 
  12 
  11 
   7 
   9 
   9 
   9 
   9 
   9 
  11 
  11 
   9 
   7 
  12 
  11 
   9 
   7 
  11 
   9 
  11 
  11 
   9 
   8 
  11 
   9 
   9 
  11 
  12 
   8 
   9 
  11 
   9 
  11 
  12 
 12 
 11 
  8 
 36 
 17 
 15 
  9 
 13 
 12 
 12 
 11 
 11 
 12 
 13 
 11 
 12 
 11 
  9 
 13 
 11 
  9 
 11 
 11 
 13 
  9 
  9 
  8 
 12 
 12 
 11 
 11 
  9 
 11 
 13 
 11 
 12 
 13 
 12 
  8 
  9 
  9 
  9 
  9 
  8 
  8 
  9 
 11 
 11 
 11 
 11 
  9 
 12 
  9 
 11 
 11 
  8 
 12 
  9 
 13 
 12 
 12 
  8 
  8 
  7 
  9 
  9 
 11 
  9 
  7 
 11 
  8 
 11 
 12 
 11 
  9 
  9 
 11 
  9 
 11 
  8 
 13 
  9 
  9 
  9 
  9 
  8 
  8 
 11 
  8 
 11 
 11 
  9 
 12 
 11 
 13 
  9 
  15 
  16 
  15 
 776 
 209 
  17 
  12 
  28 
  51 
  13 
  20 
 153 
  15 
  11 
  19 
   8 
  15 
  12 
  17 
  19 
  15 
  13 
  13 
  16 
  12 
  15 
  15 
  13 
  13 
  15 
  20 
  16 
  15 
  15 
  15 
  12 
  13 
  12 
  17 
  12 
  13 
  15 
  13 
  15 
  13 
   9 
   9 
  12 
  12 
  19 
  13 
  17 
  11 
  13 
  15 
  12 
  12 
  23 
  15 
  15 
   9 
  12 
  17 
  13 
  12 
  11 
  15 
  13 
  13 
  12 
  13 
  12 
  15 
  12 
  15 
  11 
  11 
  11 
  12 
  15 
  13 
  13 
  12 
  11 
  13 
   9 
  16 
  12 
  12 
  11 
  12 
  16 
  16 
  11 
  15 
  13 
  9 
  9 
 11 
 13 
 23 
 19 
  9 
 11 
 38 
  9 
 11 
 11 
 13 
  8 
  8 
  7 
  9 
  9 
 11 
 12 
 12 
  9 
 13 
 13 
 13 
 11 
  9 
  7 
  8 
  8 
 11 
 11 
  8 
  8 
 11 
  9 
 13 
  9 
  8 
  8 
  8 
  9 
  8 
  8 
  8 
 11 
 12 
  9 
 12 
 12 
 12 
  9 
  9 
  8 
  9 
 11 
  9 
  8 
 11 
  7 
 13 
 16 
  8 
 11 
 11 
  8 
 12 
  8 
  8 
 12 
  9 
 13 
 15 
 15 
  9 
 21 
  9 
  8 
 11 
  9 
  9 
 11 
 11 
  9 
 11 
 13 
  8 
  9 
  9 
  9 
  9 
  8 
 11 
 11 
 11 
 13 
