  807 
 2043 
 1798 
 2089 
 2939 
 4624 
 4291 
 6591 
 2967 
 1174 
   39 
  138 
  303 
  858 
 1832 
 3945 
 5066 
 2651 
 6925 
 6849 
 1247 
 1354 
  246 
   27 
   41 
  180 
  714 
  759 
 1741 
 3106 
 3303 
  710 
   62 
   55 
  215 
   60 
  276 
  343 
  821 
  147 
 2166 
 4149 
 2074 
  208 
  471 
   34 
   70 
  153 
  327 
  261 
  486 
 1440 
 1800 
 3626 
 4764 
 1436 
  805 
  365 
  267 
  113 
  331 
  309 
  171 
  238 
  607 
  689 
 1040 
 1284 
  819 
  243 
  153 
  168 
   29 
   54 
   40 
  152 
  103 
  130 
  136 
  114 
   44 
   43 
   25 
   32 
   20 
   42 
   89 
   87 
   65 
   91 
   72 
  121 
   50 
   40 
   25 
   19 
  1492 
  1425 
  2951 
  3777 
  4618 
  3997 
  6681 
  4829 
    30 
   353 
   192 
   236 
    16 
   236 
  1906 
  9775 
 10305 
 14328 
  9105 
  9087 
  7137 
  1286 
   389 
    36 
   274 
   882 
  2014 
   801 
  7685 
  6300 
  4280 
  5638 
  3060 
   456 
    16 
    17 
    29 
   497 
  2282 
  3838 
  8204 
  7534 
  4954 
  3259 
  1245 
   429 
    82 
   149 
  1040 
   285 
   682 
  2914 
  3395 
  3962 
  5084 
  1549 
   349 
   220 
    54 
    63 
    20 
  1182 
  1066 
  1476 
   627 
  2696 
  2888 
  3186 
   557 
   311 
    32 
    66 
  1149 
   123 
  1798 
  2892 
    13 
    13 
  2504 
  2346 
  1602 
   399 
   177 
    91 
  1039 
   646 
   645 
    15 
    12 
    16 
  2205 
  2516 
  1082 
   455 
   236 
    99 
  12 
  11 
  11 
  29 
  25 
  52 
  12 
  13 
   9 
   9 
  11 
  12 
  12 
  11 
   9 
  11 
  11 
  11 
  11 
   9 
  11 
   8 
  11 
 275 
  12 
  11 
  11 
   8 
   8 
   9 
  11 
   9 
  12 
   9 
  11 
  12 
   9 
   9 
  13 
  13 
  11 
  11 
  11 
  11 
  11 
   9 
  11 
  12 
  13 
  12 
  11 
   9 
  11 
  12 
   8 
   8 
   9 
   9 
  11 
  11 
  12 
   9 
   7 
  11 
   8 
  11 
   8 
   9 
  11 
   5 
  11 
   8 
  13 
   9 
  12 
   8 
  11 
  11 
  11 
   9 
  12 
   9 
   8 
  13 
  12 
  11 
  11 
  13 
  12 
  13 
  11 
  11 
  11 
  13 
  13 
  12 
  21 
 747 
 546 
 432 
 322 
 339 
  17 
 217 
 105 
  62 
  72 
  20 
  24 
  16 
  13 
  12 
  11 
  12 
  11 
  11 
  13 
  12 
  11 
  17 
  15 
  16 
  15 
  15 
  13 
  12 
  19 
  15 
  13 
  17 
  13 
  13 
  17 
  21 
  15 
  20 
  15 
  17 
  12 
  16 
  13 
  17 
  19 
  15 
  16 
  17 
  12 
  16 
  13 
  15 
  16 
  21 
  16 
  17 
  13 
  28 
  26 
  17 
  13 
  15 
  13 
  13 
  11 
  12 
  15 
  19 
  44 
  59 
  23 
  13 
  16 
  13 
  16 
  13 
  16 
  19 
  12 
  12 
  12 
  16 
  16 
  12 
  12 
  12 
  13 
  15 
  11 
  15 
   9 
  11 
  16 
  16 
   8 
   7 
  11 
  12 
  34 
  23 
   8 
  24 
  13 
 129 
  19 
   9 
  12 
   8 
   7 
  11 
   9 
   9 
  12 
   9 
   9 
   9 
   8 
   7 
  11 
   9 
  11 
   7 
   8 
   9 
   9 
   8 
   8 
   9 
  11 
   9 
  12 
   8 
  11 
   7 
   7 
   8 
   9 
   9 
   9 
   8 
  11 
   9 
   8 
   8 
  11 
   7 
   9 
  11 
  12 
  11 
  11 
  11 
  11 
  11 
  11 
   8 
  11 
   8 
   8 
   9 
  11 
  11 
  11 
   9 
   9 
  11 
   9 
   9 
   7 
  11 
  12 
   8 
  11 
   8 
   8 
   8 
   9 
   9 
   9 
  11 
   9 
  11 
   7 
  11 
   9 
  11 
  12 
   9 
   7 
  11 
  9 
 11 
  9 
 45 
 26 
 49 
  9 
  9 
 15 
 13 
  9 
 11 
 12 
  9 
 13 
  8 
  7 
 12 
 11 
 11 
  8 
 12 
 12 
 12 
 11 
  8 
  7 
  9 
  9 
  9 
 12 
  8 
 12 
  9 
 11 
 11 
 11 
 11 
 13 
  9 
 12 
  8 
  8 
  7 
  8 
  5 
  9 
 11 
  9 
  9 
  9 
  9 
  9 
  7 
 11 
  9 
  9 
 11 
 11 
 12 
  8 
  9 
  9 
  8 
  7 
 11 
  9 
 11 
 11 
  9 
  9 
 12 
  9 
  8 
 12 
  9 
 11 
 11 
  9 
 11 
  7 
  8 
  9 
 11 
 11 
 12 
  9 
 11 
 11 
 11 
  9 
 11 
  9 
 12 
 12 
  9 
  15 
  13 
  12 
 511 
 197 
  19 
   9 
  25 
  64 
  16 
  21 
 209 
  11 
  15 
  16 
  13 
  15 
  15 
  13 
  16 
  11 
  11 
  12 
  11 
  12 
  11 
  17 
  15 
  13 
  13 
  20 
  12 
  13 
  12 
  13 
  15 
  11 
  17 
  13 
  12 
  12 
  12 
  12 
  15 
  11 
  13 
  15 
  13 
  11 
  13 
  11 
  15 
  12 
  13 
  15 
  15 
  16 
  17 
  11 
  12 
  12 
  13 
  16 
  12 
  15 
   9 
  15 
  13 
  12 
  13 
  11 
  11 
  12 
  11 
  13 
  15 
  13 
  12 
  15 
  11 
  12 
  11 
  11 
  15 
  15 
  13 
  13 
  13 
   9 
  13 
  12 
  12 
  15 
  12 
  12 
  12 
  9 
 11 
  9 
 15 
 26 
 52 
 13 
 11 
 67 
 12 
 12 
 11 
 15 
  9 
 13 
  8 
  8 
 12 
  8 
  8 
  9 
  9 
  9 
 11 
 12 
  9 
  9 
  9 
  8 
  7 
 11 
 11 
  8 
 11 
  9 
 11 
 12 
  9 
  8 
 12 
  7 
  8 
  9 
  5 
  9 
 12 
  9 
  8 
 13 
 11 
  8 
  9 
  7 
  5 
  7 
  9 
 11 
  9 
  8 
  9 
  9 
  9 
 11 
  9 
  9 
 12 
  9 
 11 
  9 
  9 
  9 
  8 
 13 
 15 
 11 
 21 
  9 
  8 
  9 
 11 
 11 
  7 
  9 
  9 
 11 
 13 
  9 
 11 
  9 
  9 
 11 
  9 
  8 
  8 
  8 
 13 
