   744 
  4713 
  5475 
  2751 
  3975 
  7608 
  6674 
  8744 
  4033 
  1755 
    31 
    50 
   111 
  1260 
  2204 
  4214 
  4671 
  2973 
  8415 
 10020 
  2035 
  1660 
   480 
   141 
   101 
   237 
  1488 
  1300 
  2669 
  4497 
  4877 
  2421 
   106 
    47 
   148 
    63 
   103 
   216 
  1041 
   371 
  2451 
  4133 
  3279 
  1343 
   570 
    36 
    31 
    40 
    73 
   372 
   343 
  1611 
  2280 
  4859 
  6367 
  3794 
   711 
   141 
    60 
    48 
    50 
    74 
   128 
   192 
   766 
   596 
  1444 
  1033 
  2040 
   318 
    74 
    66 
    50 
    52 
    52 
   582 
   453 
   497 
   546 
   506 
   107 
    40 
    31 
    32 
    44 
    86 
   197 
   234 
   207 
   236 
   157 
   160 
    56 
    35 
    32 
    16 
  3304 
  1167 
  3573 
  5270 
  6193 
  5994 
  6871 
  6705 
    40 
   310 
   220 
   187 
  4145 
  9583 
  1676 
 10094 
 13843 
 17785 
 15390 
 10098 
  9050 
  2629 
  1930 
   138 
   179 
   499 
  2024 
  1032 
  8315 
  7805 
  6735 
  8922 
  3982 
   267 
    13 
    16 
  2006 
  1194 
  3391 
  5168 
  9848 
  8762 
  7862 
  5866 
  1578 
   201 
    43 
    40 
   364 
   224 
   725 
  5280 
  8988 
  7104 
 11300 
  4381 
   601 
    99 
    39 
    35 
  1001 
   754 
  1058 
  2729 
  1001 
  4411 
  7050 
  5907 
   676 
   109 
    47 
    35 
   517 
   179 
  2526 
  4597 
    16 
    12 
  4124 
  4470 
  2227 
   392 
    90 
    46 
  1201 
   363 
   487 
    17 
    15 
    15 
  3420 
  2994 
   852 
   401 
   105 
    62 
  11 
  13 
   9 
  16 
  13 
  40 
   9 
  28 
  19 
  11 
   9 
  16 
  13 
  12 
  11 
  11 
  13 
   9 
  13 
  11 
  13 
   9 
  11 
 196 
  13 
   8 
  13 
  12 
  11 
   9 
  16 
   9 
  12 
   9 
  12 
  12 
  13 
   8 
   8 
   9 
  11 
  11 
  11 
  12 
  12 
  11 
  11 
  11 
  11 
   7 
   9 
   8 
   9 
   9 
  11 
  11 
   9 
   9 
  12 
  11 
   9 
   9 
   8 
   9 
   9 
   9 
  11 
  11 
  11 
  13 
  12 
  11 
  11 
  12 
  12 
   9 
   9 
   9 
  13 
   9 
  11 
  12 
  11 
  13 
  11 
  12 
  12 
  15 
   9 
  16 
  13 
   9 
  13 
  11 
  11 
  15 
  23 
 472 
  45 
 432 
 387 
 213 
  13 
  90 
  42 
  79 
  31 
  24 
  21 
  17 
  13 
  15 
  11 
  12 
  13 
  12 
  16 
  13 
  13 
  21 
  15 
  16 
  15 
  16 
  13 
  16 
  13 
  13 
  15 
  23 
  13 
  15 
  16 
  23 
  17 
  17 
  15 
  17 
  16 
  13 
  17 
  12 
  23 
  19 
  17 
  13 
  15 
  17 
  16 
  13 
  12 
  24 
  16 
  16 
  15 
  28 
  33 
  20 
  16 
  17 
  15 
  13 
  12 
  12 
  20 
  17 
  56 
  71 
  26 
  16 
  13 
  16 
  13 
  16 
  15 
  19 
  16 
  13 
  16 
  16 
  21 
  13 
  13 
  12 
  20 
  11 
   9 
  13 
  15 
  11 
  17 
  19 
 13 
  8 
  9 
 13 
 23 
 32 
 11 
 17 
 12 
 72 
  9 
 11 
 13 
 13 
 11 
  9 
  9 
 11 
  8 
  9 
  9 
 11 
 11 
 11 
 11 
  9 
  9 
  8 
 11 
  7 
  9 
  8 
  9 
 12 
  9 
  9 
  9 
  9 
 11 
  8 
 11 
  9 
  8 
  9 
 12 
  9 
  9 
  9 
 12 
  9 
 11 
 11 
  9 
  9 
 11 
  9 
 12 
 11 
  8 
 12 
  9 
  9 
 11 
  9 
  9 
  8 
 11 
  8 
 11 
  8 
 11 
 11 
 12 
  9 
 11 
  8 
  8 
 11 
  9 
 11 
  8 
 12 
  9 
  9 
 12 
  9 
 12 
  9 
 11 
  8 
 12 
  9 
  9 
 11 
 12 
 11 
 12 
  9 
 12 
 49 
 24 
 33 
  9 
 11 
 11 
  9 
  9 
 11 
 12 
 12 
 12 
  9 
 11 
 12 
  8 
 12 
  9 
 11 
 11 
 11 
  9 
 11 
  9 
  8 
 11 
  7 
  9 
  7 
 11 
  9 
  9 
 11 
 11 
  8 
  9 
  8 
  9 
 11 
 11 
  8 
 13 
  7 
  9 
 12 
  8 
  9 
  9 
  8 
  9 
  9 
 12 
 11 
 11 
 11 
  9 
  9 
 11 
  8 
 11 
  9 
 11 
  9 
  9 
 11 
 11 
  9 
  9 
 11 
  8 
  9 
  7 
  9 
  8 
  9 
 11 
  8 
  8 
  9 
  9 
 12 
 11 
  8 
 11 
 11 
  9 
  8 
  7 
 11 
  9 
  8 
 11 
 11 
  13 
  12 
  16 
 947 
 403 
  19 
  12 
  23 
  32 
  13 
  16 
  39 
  15 
  12 
  20 
  16 
  15 
  15 
  17 
  20 
  13 
  16 
  11 
  13 
  13 
  12 
  19 
  15 
  12 
  13 
  24 
  13 
  19 
  15 
  17 
  12 
  16 
  17 
  16 
  13 
  13 
  19 
  12 
  16 
  12 
  15 
  12 
  15 
  15 
  13 
  16 
  17 
  13 
  16 
  12 
  15 
  15 
  21 
  12 
  13 
  13 
  13 
  20 
  11 
  15 
  15 
  13 
  13 
  13 
  12 
  12 
  17 
  13 
  13 
  15 
  15 
  12 
  15 
  13 
  15 
  11 
  15 
  13 
  12 
  13 
  12 
  13 
  13 
  13 
  15 
  15 
  15 
  13 
  15 
  20 
  17 
 15 
  9 
  8 
 16 
 26 
 28 
 11 
 13 
 43 
 12 
 11 
 12 
 13 
 11 
 12 
  9 
 11 
 11 
 11 
 12 
  8 
 11 
  7 
  9 
 12 
 11 
  8 
 12 
 11 
  5 
  9 
  9 
 11 
  9 
  9 
  8 
 11 
  9 
 11 
  8 
 12 
 11 
  9 
  9 
 11 
 11 
 11 
  9 
 11 
 11 
  9 
  9 
  9 
  8 
  8 
  8 
  8 
 11 
  9 
 11 
 11 
 12 
 11 
  9 
  9 
  8 
  8 
  9 
 11 
  9 
 12 
 11 
 15 
 21 
 13 
 24 
  8 
  9 
  9 
  8 
  9 
 11 
 12 
 12 
 12 
  8 
 11 
 11 
 12 
  9 
  9 
 11 
  9 
 11 
 11 
 11 
