   462 
  2057 
  2153 
  2204 
  3357 
  4487 
  4273 
  6242 
  2249 
   758 
    27 
    28 
   232 
  2653 
  3904 
  7482 
  8414 
  4488 
 13503 
 14799 
  3037 
  3128 
   776 
    52 
    58 
    93 
   540 
   487 
   942 
  1768 
  1994 
   527 
    39 
    30 
    83 
    71 
   178 
   489 
  1768 
   302 
  3465 
  7172 
  4426 
   992 
   629 
    44 
    52 
    82 
   117 
   537 
   676 
  2243 
  2529 
  8368 
  9399 
  4088 
  1398 
   336 
   102 
    71 
    95 
   121 
   203 
   307 
   748 
   991 
  1449 
  1412 
  2664 
   474 
   149 
   158 
    48 
    76 
    57 
   448 
   321 
   354 
   396 
   337 
    90 
    56 
    30 
    31 
    24 
    57 
   119 
   142 
   134 
   159 
   105 
   136 
    46 
    32 
    27 
    15 
  1567 
   868 
  1767 
  2574 
  3000 
  2943 
  3040 
  2828 
    27 
   162 
    89 
   102 
  7167 
 16278 
  2378 
 16071 
 21673 
 28050 
 25594 
 18164 
 14339 
  3236 
  1758 
    79 
   375 
  1194 
  2945 
   570 
 14058 
 10677 
  9047 
 10827 
  5148 
   648 
    15 
    13 
  4524 
   917 
  4862 
  6843 
 15890 
 12676 
  9685 
  6255 
  2147 
   472 
    95 
    68 
   648 
   412 
   930 
  8791 
  9509 
  8764 
 13563 
  4781 
   734 
   215 
    74 
    46 
  2717 
  1537 
  1580 
  3167 
  1096 
  5870 
  9043 
  7388 
  1044 
    51 
    56 
    46 
   833 
   205 
  3589 
  6215 
    12 
    16 
  5313 
  5284 
  3162 
   711 
   126 
    66 
  1269 
   641 
   721 
    13 
    15 
    13 
  4822 
  4131 
  1428 
   710 
   216 
   117 
  13 
   9 
  13 
  15 
  15 
  34 
   8 
  35 
  13 
  12 
  13 
  11 
  11 
   9 
   9 
   9 
  11 
   8 
   9 
  13 
  11 
  12 
  11 
 299 
  12 
  11 
  12 
   9 
   9 
   8 
  11 
  11 
   8 
  12 
  13 
  12 
  11 
  11 
   9 
   9 
   9 
  11 
   9 
   8 
  11 
  13 
  12 
   8 
  11 
  13 
   9 
  12 
  11 
  12 
  12 
   9 
   9 
   8 
  11 
  12 
   9 
  12 
  11 
   9 
   9 
  11 
  13 
  11 
   9 
   9 
   9 
  13 
  12 
  11 
   9 
   9 
  11 
  11 
   9 
   9 
  12 
   9 
  11 
  12 
  11 
  12 
  12 
  11 
  11 
  12 
  12 
  11 
  13 
  12 
  11 
  16 
  24 
 472 
 445 
 351 
 109 
 219 
  13 
  90 
 138 
 121 
  51 
  23 
  20 
  15 
  15 
  11 
  13 
   8 
  11 
  12 
  16 
  15 
  17 
  17 
  20 
  17 
  16 
  17 
  12 
  16 
  17 
  13 
  13 
  21 
  16 
  16 
  17 
  20 
  13 
  24 
  16 
  20 
  13 
  13 
  19 
  27 
  23 
  16 
  17 
  13 
  16 
  17 
  15 
  13 
  13 
  23 
  17 
  16 
  17 
  30 
  28 
  19 
  17 
  15 
  13 
  13 
  12 
  11 
  16 
  20 
  51 
  79 
  28 
  11 
  15 
  17 
  15 
  12 
  13 
  16 
  15 
  13 
  15 
  15 
  20 
  13 
  12 
   9 
  15 
  11 
  12 
  12 
  13 
  11 
  20 
  17 
  11 
   9 
  12 
  16 
  33 
  36 
   8 
  17 
  11 
 160 
  74 
  13 
   8 
  12 
  12 
   9 
   9 
   9 
   8 
   9 
  11 
   9 
  12 
  12 
   9 
   8 
  11 
  12 
   9 
   9 
   9 
  12 
  12 
   8 
   8 
  12 
  12 
  12 
  11 
  11 
  11 
   9 
   8 
   8 
  11 
   9 
  11 
   9 
  11 
   9 
  12 
   8 
  11 
   9 
  11 
   9 
  11 
   9 
  11 
  12 
   9 
  12 
  11 
  11 
   9 
  12 
  11 
  12 
   8 
   9 
   8 
  11 
  11 
   9 
   8 
   7 
   9 
   8 
  11 
   9 
  11 
  11 
  11 
  11 
   9 
   8 
  11 
  12 
   9 
  11 
  12 
   9 
  12 
   9 
  11 
   9 
 12 
  9 
 11 
 57 
 19 
 34 
 11 
 11 
 12 
  9 
 12 
 11 
 12 
 12 
  9 
  8 
  9 
  9 
 12 
  9 
 11 
  9 
 12 
 11 
 11 
  9 
 11 
  8 
 11 
  9 
  9 
  9 
  8 
  8 
  9 
 11 
 12 
  8 
 11 
  9 
 11 
 11 
  8 
  9 
 11 
  9 
 11 
 15 
 11 
  8 
  8 
 11 
  7 
  8 
 11 
  8 
 11 
  9 
  9 
 12 
  8 
 11 
 12 
  8 
 11 
 11 
  9 
  9 
  9 
  9 
 11 
 13 
 12 
 11 
  9 
 11 
  9 
  8 
 11 
  7 
  9 
  9 
  9 
 11 
 11 
 11 
 11 
  8 
  9 
 11 
  9 
 11 
 13 
 11 
  9 
 11 
   13 
   16 
   16 
 1101 
   49 
   21 
   12 
   17 
   34 
   16 
   48 
   24 
   16 
   13 
   17 
   15 
   15 
   15 
   17 
   15 
   17 
   13 
   15 
   15 
   15 
   13 
   19 
   13 
   13 
   13 
   23 
   13 
   19 
   13 
   13 
   15 
   13 
   15 
   17 
   13 
   13 
   15 
   13 
   15 
   13 
   17 
   15 
   12 
   11 
   12 
   17 
   16 
   13 
   16 
   11 
   13 
   12 
   20 
   15 
   12 
   15 
   15 
   15 
   13 
   12 
   12 
   12 
   16 
   16 
   15 
   13 
   12 
   13 
   16 
   12 
   13 
   13 
    9 
   11 
   13 
   11 
    9 
   15 
   16 
   15 
   13 
   16 
   15 
   17 
   13 
   12 
   13 
   16 
   16 
   16 
   12 
  9 
  9 
 11 
 13 
 24 
 36 
 12 
 12 
 42 
 15 
 12 
 12 
 15 
  8 
  8 
  9 
 12 
  8 
  9 
 12 
 12 
 12 
 11 
 12 
 15 
 11 
  9 
  9 
  9 
 11 
 11 
 11 
  9 
  9 
 11 
 13 
 12 
 11 
  8 
 11 
  9 
  8 
 12 
 12 
  8 
  9 
 12 
  9 
 12 
 11 
  8 
 11 
 11 
 11 
  8 
  8 
  8 
  9 
  8 
 12 
 13 
  9 
 11 
  9 
  9 
  8 
  9 
 12 
 12 
  8 
 13 
  9 
 13 
 16 
 12 
 26 
  9 
  9 
  9 
  5 
  9 
 11 
 12 
 12 
 12 
  9 
 11 
 11 
 11 
 13 
 12 
 11 
 13 
  9 
  8 
 11 
