   330 
  1439 
  1685 
  3224 
  6968 
  3925 
  5133 
  9122 
  3100 
   737 
    28 
    27 
   348 
  2669 
  4952 
  7878 
  9933 
  4868 
 11527 
 14320 
  2826 
  3303 
   643 
    34 
    41 
   156 
   511 
   449 
  1019 
  1908 
  2735 
   505 
    31 
    42 
    81 
   105 
   223 
   688 
  2433 
   408 
  4579 
 10543 
  4805 
  1098 
   891 
    63 
    58 
   119 
   151 
   673 
  1077 
  2767 
  4201 
 10044 
  8618 
  3512 
  2025 
   501 
   157 
    59 
   163 
   223 
   299 
   546 
  1366 
  1360 
  2582 
  2482 
  2672 
   502 
   178 
   136 
    36 
    91 
    49 
   291 
   196 
   220 
   251 
   217 
    76 
    58 
    36 
    24 
    20 
    48 
   126 
   119 
    85 
   135 
    81 
   126 
    44 
    30 
    25 
    17 
  1958 
   906 
  2245 
  2816 
  5268 
  4342 
  3499 
  3706 
    25 
   102 
    90 
    59 
  5676 
 11961 
  2500 
 13795 
 16103 
 20657 
 20043 
 15485 
 12045 
  2479 
  1609 
   117 
   454 
  2055 
  3899 
   540 
 16437 
 13407 
  9388 
 14464 
  6521 
   970 
    15 
    16 
  2373 
  1130 
  5556 
  8466 
 18633 
 14875 
 11457 
  6902 
  2398 
   831 
    89 
    83 
   764 
   558 
  1247 
  8010 
  7193 
  8939 
 10947 
  4195 
   679 
   356 
    64 
    46 
  2457 
  1935 
  2036 
  2933 
  1101 
  5852 
  6967 
  6120 
  1232 
   191 
    54 
    35 
  1007 
   191 
  3544 
  6124 
    15 
    19 
  4836 
  4658 
  3143 
   753 
   154 
    60 
  1114 
   845 
   950 
    12 
    12 
    15 
  4521 
  4107 
  1900 
   813 
   276 
   101 
  13 
  12 
   8 
  16 
  19 
  61 
   9 
  35 
  12 
  12 
  13 
  12 
  13 
   8 
  13 
   8 
   9 
   8 
   8 
  15 
   8 
  12 
   9 
 176 
  11 
  15 
   8 
   9 
   8 
  11 
   9 
   9 
   8 
   9 
   9 
  11 
  13 
  11 
   9 
   8 
  11 
  11 
  11 
   9 
  11 
   9 
  11 
  11 
  13 
   9 
  11 
   8 
   8 
   7 
   9 
   9 
   9 
   9 
  12 
  12 
   9 
   8 
   9 
   9 
  12 
   8 
  11 
   9 
  12 
  11 
  12 
  12 
  11 
  11 
  12 
   9 
   9 
   8 
  12 
  11 
   8 
  11 
  11 
   9 
  12 
  12 
   9 
  12 
  11 
  11 
   9 
  11 
  11 
  11 
  11 
  11 
  26 
 706 
 513 
 335 
 282 
 248 
  12 
  99 
  52 
  76 
  47 
  23 
  21 
  17 
  17 
  11 
  12 
  11 
  13 
  11 
  13 
  12 
  13 
  19 
  12 
  15 
  19 
  19 
  15 
  19 
  16 
  16 
  13 
  20 
  16 
  15 
  16 
  24 
  15 
  21 
  15 
  19 
  17 
  15 
  16 
  20 
  21 
  20 
  16 
  13 
  16 
  19 
  15 
  16 
  16 
  19 
  16 
  17 
  16 
  34 
  32 
  17 
  16 
  19 
  13 
  13 
  13 
  13 
  17 
  16 
  56 
  78 
  25 
  13 
  15 
  17 
  17 
  15 
  12 
  19 
  12 
  13 
  15 
  13 
  20 
  12 
  13 
  16 
  17 
  13 
  11 
  12 
  16 
  11 
  15 
  15 
   9 
  11 
   8 
  15 
  29 
  40 
   9 
  16 
  19 
 122 
  21 
   9 
  11 
   8 
   8 
   9 
   7 
   8 
   9 
   9 
   8 
   8 
  11 
  11 
  11 
   9 
   9 
   9 
  11 
  12 
   9 
   8 
   8 
  12 
   9 
  13 
  12 
   9 
   9 
   9 
   9 
   8 
  11 
  11 
  12 
  11 
  11 
  12 
  11 
  12 
   9 
  12 
   9 
   7 
   9 
   7 
   8 
   8 
  11 
  11 
   9 
   9 
  13 
   9 
   9 
   9 
   8 
  13 
   9 
   8 
   9 
  11 
  11 
   8 
  11 
   9 
   8 
   8 
   9 
   9 
   9 
   9 
  12 
  12 
   9 
  11 
  11 
  12 
   8 
  12 
  11 
  12 
   9 
   9 
   9 
  11 
 11 
  9 
  8 
 44 
 21 
 20 
  9 
 15 
 17 
  9 
 12 
  9 
 12 
  9 
 11 
  7 
  9 
 11 
 11 
 11 
 11 
 12 
  9 
 12 
  9 
  9 
  8 
 11 
 12 
 11 
  9 
 11 
  8 
 11 
  8 
 11 
 11 
  9 
  9 
  7 
  8 
  8 
  9 
 11 
  8 
  9 
  8 
 13 
  9 
  7 
  7 
  9 
  9 
  8 
 11 
  8 
  9 
  8 
 11 
 12 
 11 
  9 
  8 
 12 
  8 
  8 
  8 
  9 
 12 
  9 
 11 
 11 
  7 
 11 
  9 
  8 
 11 
 11 
  9 
  8 
 12 
  9 
  9 
 12 
 12 
  8 
  9 
  7 
 11 
  9 
  8 
  9 
  9 
 11 
  8 
  9 
  12 
 158 
  13 
 786 
 307 
  16 
  15 
  21 
  52 
  15 
  13 
 111 
   9 
  11 
  13 
  13 
  17 
  15 
  17 
  17 
  20 
  16 
  16 
  15 
  12 
  15 
  15 
  15 
  17 
  13 
  21 
  13 
  17 
  16 
  15 
  13 
   9 
  15 
  19 
  13 
  12 
  15 
  12 
  16 
  13 
  12 
  12 
  12 
  15 
  13 
  12 
  17 
  12 
  15 
  11 
  16 
  16 
  21 
  15 
  15 
  16 
  12 
  16 
  13 
  13 
  12 
  15 
  11 
  12 
  15 
  15 
  20 
  16 
  13 
  13 
  12 
  11 
  13 
   9 
  13 
  15 
  12 
  12 
  12 
  12 
  12 
  13 
  13 
  12 
  12 
  12 
  13 
  15 
  11 
  15 
  16 
 11 
 12 
 11 
 11 
 29 
 28 
 12 
 15 
 36 
  9 
 12 
 13 
 11 
  8 
  9 
  9 
 11 
 11 
  9 
 11 
 12 
 12 
  9 
 11 
 12 
 11 
 11 
  9 
 11 
 11 
  8 
  9 
  9 
  8 
  9 
 13 
 12 
  9 
  9 
 11 
  8 
  9 
 11 
 11 
  8 
 11 
  7 
 13 
 12 
  8 
 11 
 11 
  9 
  8 
  9 
  9 
  8 
  7 
  9 
  9 
 12 
 11 
 11 
 11 
 11 
  7 
  9 
  8 
  7 
 11 
  9 
 11 
 16 
 15 
 11 
 21 
  9 
  9 
 11 
  9 
  9 
 11 
  9 
 11 
 11 
  9 
 13 
  9 
  8 
  9 
 11 
  8 
 11 
  9 
 11 
 12 
