   907 
  3967 
  4154 
  4773 
  6773 
  7563 
  8793 
 15804 
  5834 
  2079 
    28 
    21 
   127 
  1570 
  2720 
  4250 
  5678 
  2733 
  5399 
  8151 
  1753 
  1648 
   329 
    24 
    68 
   327 
  1409 
  1408 
  2693 
  4475 
  6516 
  1632 
    56 
    66 
   181 
   130 
    83 
   355 
  1547 
   323 
  4149 
  6772 
  2997 
  1309 
   764 
    36 
    32 
    50 
    82 
   502 
   616 
  1910 
  3946 
  5623 
  4783 
  1962 
  1420 
   209 
    70 
    40 
    79 
   103 
   233 
   372 
  1409 
   854 
  2459 
  1522 
  2244 
   318 
    97 
   125 
    34 
    70 
    48 
   313 
   221 
   253 
   275 
   231 
    74 
    68 
    34 
    36 
    30 
    68 
   170 
   170 
   143 
   195 
   117 
   168 
    60 
    35 
    30 
    15 
  3936 
  2184 
  4405 
  5935 
 10170 
  7918 
  8189 
  8346 
    44 
   340 
   248 
   211 
  3648 
  6582 
  1288 
  6434 
  8494 
  8589 
  8812 
  6669 
  5717 
  1322 
  1988 
    83 
   175 
  1019 
  3293 
  1227 
  9428 
  9930 
  6388 
 11718 
  5273 
   561 
    16 
    11 
  2558 
   505 
  3921 
  6483 
 10816 
 10333 
  8689 
  5686 
  1840 
   472 
    60 
    36 
   382 
   265 
   682 
  3573 
  4925 
  6527 
  6570 
  3025 
   401 
   169 
    35 
    25 
  1529 
   874 
  1123 
  1746 
   885 
  3814 
  3830 
  3298 
   797 
    55 
    32 
    21 
   550 
   105 
  2109 
  4272 
    16 
    16 
  2932 
  2821 
  1959 
   373 
    67 
    32 
   831 
   366 
   548 
    16 
    13 
    12 
  2620 
  2546 
   938 
   396 
   103 
    42 
   9 
   8 
  11 
  19 
  11 
  52 
  12 
  35 
  19 
   9 
   9 
  13 
  12 
   8 
   9 
   8 
   9 
   9 
   9 
  12 
  11 
  13 
  11 
 246 
  12 
  11 
   9 
  11 
   9 
  11 
  11 
  12 
   9 
   9 
   8 
  11 
  12 
  12 
  11 
   9 
  12 
  11 
   9 
   8 
  13 
   9 
  12 
  11 
   9 
  12 
   9 
  11 
   9 
   9 
  12 
  11 
   9 
  12 
  11 
  11 
  12 
  11 
   9 
  15 
   9 
   9 
  11 
  11 
  12 
  11 
  12 
   8 
   9 
  13 
  12 
   9 
   9 
  11 
   9 
   8 
   9 
   9 
  12 
  12 
  13 
  12 
  13 
   9 
  12 
  11 
  11 
  12 
  12 
   9 
   9 
  11 
  21 
 661 
 401 
 223 
 404 
 315 
  15 
 149 
  99 
  48 
  35 
  27 
  23 
  17 
  15 
  12 
  13 
  11 
  12 
  12 
  13 
  13 
  11 
  20 
  16 
  16 
  16 
  19 
  15 
  12 
  19 
  15 
  13 
  21 
  13 
  17 
  19 
  23 
  17 
  20 
  13 
  17 
  13 
  12 
  19 
  24 
  19 
  20 
  19 
  16 
  13 
  19 
  16 
  15 
  15 
  24 
  13 
  17 
  15 
  34 
  30 
  21 
  15 
  16 
  15 
  12 
   7 
  15 
  15 
  15 
  48 
  66 
  21 
  15 
  11 
  13 
  17 
  15 
  15 
  19 
  12 
  13 
  16 
  13 
  24 
  11 
  13 
  15 
  16 
  12 
  12 
  13 
  12 
  12 
  20 
  19 
  12 
  11 
   9 
  12 
  23 
  34 
  11 
  16 
  13 
 142 
  12 
   9 
  13 
   8 
   9 
  12 
  11 
   8 
   9 
   9 
   9 
  11 
   8 
  11 
  11 
   8 
  11 
   9 
   9 
   9 
  11 
   9 
   9 
  11 
  12 
  12 
   8 
   9 
  12 
   8 
   8 
   9 
   8 
   8 
  12 
   9 
  11 
   8 
  11 
   9 
  11 
  11 
   8 
   9 
   7 
   9 
  11 
  11 
  11 
  11 
  11 
  12 
   9 
   8 
   8 
   8 
   8 
  11 
   8 
  11 
   7 
  11 
  11 
   8 
  11 
   9 
   9 
  11 
  11 
  11 
  12 
  11 
  11 
   8 
  11 
  11 
   9 
   8 
  11 
   8 
   9 
  12 
  11 
  11 
  11 
  13 
 12 
 12 
  8 
 36 
 15 
 49 
  9 
 11 
 11 
 12 
  8 
  9 
 13 
  8 
  8 
  9 
  9 
 12 
 11 
  8 
 11 
 11 
 11 
 11 
  9 
  9 
  9 
  8 
  8 
  9 
  9 
  8 
  8 
  8 
  8 
  7 
  8 
 11 
  8 
  9 
 11 
  9 
  9 
  9 
 11 
  9 
 11 
 12 
  9 
  9 
 12 
  9 
  9 
  8 
  9 
  9 
  9 
  9 
  9 
  8 
 12 
  9 
  8 
  9 
  9 
  7 
  9 
  7 
 11 
  9 
  9 
  9 
 13 
  8 
 11 
  9 
  9 
  8 
  9 
  9 
  9 
  9 
  9 
  8 
  8 
  8 
  9 
 12 
  9 
 11 
  8 
  8 
  9 
  9 
 11 
  9 
  16 
  19 
  15 
 521 
 366 
  16 
  13 
  19 
  62 
  15 
  16 
  48 
  13 
  12 
  17 
  15 
  13 
  17 
  15 
  13 
  13 
  16 
  16 
  12 
  12 
  13 
  17 
  16 
  13 
  17 
  21 
  12 
  17 
  12 
  16 
  13 
  16 
  17 
  17 
  12 
  13 
  13 
  15 
  12 
  12 
  16 
  11 
  13 
  12 
  17 
  16 
  20 
  12 
  17 
  16 
  13 
  15 
  23 
  17 
  16 
  11 
  15 
  13 
  12 
  11 
  13 
  13 
  12 
  12 
  17 
  16 
  15 
  16 
  13 
  13 
  15 
   9 
  11 
  12 
  15 
  13 
  13 
  13 
  12 
  13 
  12 
  16 
  13 
  13 
  13 
  15 
  13 
  12 
  11 
  13 
  15 
 13 
 12 
 11 
 11 
 30 
 26 
  9 
 11 
 34 
 11 
 12 
 12 
 13 
  9 
  9 
  7 
  8 
 11 
  8 
 11 
  9 
  9 
  9 
 12 
 12 
  9 
  9 
  9 
  8 
  8 
  9 
  9 
  8 
 11 
  9 
 12 
 11 
  9 
  8 
  9 
  9 
  9 
 11 
  8 
 12 
 11 
  9 
  9 
 11 
 11 
  9 
  7 
  7 
  8 
 11 
  9 
  9 
  9 
  8 
  8 
 12 
 11 
  9 
  9 
 12 
 11 
  5 
  9 
  7 
 12 
 12 
  7 
 15 
 15 
 12 
 19 
 11 
  8 
  9 
 11 
  8 
  8 
 11 
 11 
 11 
 12 
 11 
  8 
 11 
 11 
  9 
 12 
  9 
  9 
  9 
 13 
