   868 
  5993 
  8869 
  6789 
 11265 
 11546 
 13548 
 25329 
  9515 
  2735 
    21 
    68 
   167 
  1493 
  2622 
  4720 
  6208 
  3761 
  6790 
 12982 
  2794 
  1613 
   474 
   149 
   110 
   476 
  1906 
  1901 
  5223 
  8126 
  9718 
 10017 
   176 
    60 
   160 
    47 
   128 
   401 
  1986 
  1213 
  4550 
  7883 
  6732 
  5818 
  1287 
    86 
    36 
    31 
    74 
   657 
   727 
  3888 
  5124 
  9060 
  9456 
  9738 
  1346 
   227 
    60 
    32 
    66 
   107 
   257 
   507 
  1832 
   974 
  3402 
  2345 
  3582 
   432 
    93 
    38 
    45 
    34 
    42 
   601 
   535 
   482 
   517 
   521 
   127 
    36 
    35 
    38 
    66 
    93 
   262 
   290 
   254 
   303 
   234 
   205 
    81 
    43 
    39 
    16 
  6829 
  1564 
  6495 
  8678 
 14450 
 12769 
 11632 
 14072 
   475 
   690 
   452 
   235 
  1921 
  4239 
  1840 
  6581 
  9114 
 10163 
 17147 
  9829 
  7667 
  1617 
  5164 
   906 
   252 
   970 
  5040 
  1350 
 14565 
 14686 
 12149 
 21903 
  9871 
   495 
    15 
    17 
  1257 
  1319 
  8348 
 13378 
 16626 
 15313 
 18393 
 15681 
  2996 
   353 
    72 
    34 
   362 
   513 
  1567 
 10954 
 16245 
 13746 
 16353 
 12914 
  1276 
   140 
    62 
    31 
   547 
   890 
  1764 
  6389 
  2163 
  8155 
 10097 
  7659 
   965 
   442 
    72 
    31 
   631 
   360 
  4291 
  8530 
    17 
    13 
  6513 
  7518 
  3167 
   491 
   244 
    39 
  1119 
   367 
   629 
    11 
    11 
    15 
  4611 
  4132 
  1005 
   432 
   137 
    74 
  12 
   8 
  12 
  16 
  23 
  37 
  13 
 119 
  19 
  13 
  12 
  12 
  11 
  11 
  12 
  12 
  13 
  12 
  11 
  12 
  12 
   8 
  11 
 176 
  16 
   9 
  12 
  11 
   9 
   9 
  11 
  11 
  11 
  12 
  12 
  12 
  11 
  11 
  12 
   9 
   9 
  11 
  11 
  11 
  11 
  11 
  13 
  12 
  12 
   9 
  11 
  11 
  12 
  12 
   9 
   9 
   9 
   8 
  12 
  11 
  11 
  13 
  11 
   9 
  11 
  11 
   9 
   9 
  12 
  12 
  11 
  11 
  11 
  11 
   9 
  11 
  13 
   9 
   9 
  12 
   8 
   9 
  13 
  12 
  12 
  12 
  13 
  11 
  11 
   9 
  11 
  15 
  12 
  12 
  11 
  11 
  23 
 461 
  29 
 162 
 368 
  94 
  15 
 134 
 157 
  54 
  44 
  31 
  23 
  19 
  17 
  12 
  15 
  12 
  11 
  12 
  15 
  13 
  11 
  17 
  16 
  17 
  15 
  19 
  15 
  17 
  17 
  15 
  17 
  21 
  15 
  19 
  17 
  25 
  17 
  20 
  17 
  19 
  12 
  16 
  23 
  15 
  24 
  25 
  16 
  15 
  15 
  19 
  17 
   9 
  17 
  21 
  16 
  17 
  16 
  34 
  32 
  19 
  16 
  16 
  15 
  13 
  11 
  16 
  19 
  17 
  54 
  82 
  29 
  12 
  15 
  13 
  17 
  13 
  16 
  19 
  15 
  15 
  17 
  17 
  24 
  12 
  15 
  15 
  16 
  15 
  11 
  13 
  12 
   9 
  21 
  21 
  12 
  12 
   9 
  12 
  25 
  32 
   9 
  39 
   9 
 251 
  11 
  12 
  15 
   9 
  11 
   9 
   9 
   9 
  11 
  12 
   9 
   8 
  12 
  11 
  12 
  12 
  12 
  11 
   9 
  11 
   8 
   9 
  11 
  13 
   9 
  13 
  12 
  11 
   9 
   9 
   8 
  11 
   7 
  11 
   9 
   9 
  13 
  12 
  11 
  12 
  13 
   9 
   9 
  11 
  11 
  11 
  11 
   7 
  12 
  12 
  11 
   9 
   8 
   9 
   9 
  11 
   9 
  12 
  11 
  11 
  11 
   9 
  12 
  11 
  12 
   8 
  11 
   9 
  11 
   9 
   7 
   9 
   8 
   9 
  13 
  11 
  11 
   8 
  12 
  11 
   9 
   9 
   9 
  12 
  13 
  11 
 12 
 12 
 11 
 20 
 21 
 28 
 12 
 12 
 23 
 11 
 11 
 13 
  9 
  9 
  9 
 12 
  8 
 12 
 11 
 13 
 11 
 11 
  9 
 11 
 12 
 12 
 13 
  9 
 12 
 12 
 12 
 12 
  9 
 11 
 11 
 11 
 12 
  9 
 11 
  9 
  8 
  9 
 11 
 11 
  9 
  8 
 12 
  8 
 13 
  9 
  9 
  9 
 11 
  8 
 11 
  7 
 12 
  8 
  7 
 12 
 12 
  9 
 11 
  9 
 11 
 11 
  8 
  8 
  9 
  9 
 11 
 12 
  8 
  9 
  9 
  9 
  9 
  8 
 11 
 12 
 13 
  8 
 12 
 13 
 11 
  8 
 11 
 11 
 11 
  9 
 11 
  9 
 11 
 11 
 11 
 11 
  15 
  13 
  19 
 631 
 314 
  11 
  12 
  19 
  48 
  46 
  16 
  38 
  13 
   9 
  16 
  15 
  17 
  15 
  15 
  16 
  17 
  13 
  15 
  17 
  15 
  16 
  17 
  16 
  15 
  16 
  20 
  16 
  15 
  19 
  13 
  15 
  15 
  16 
  19 
  12 
  17 
  16 
  15 
  16 
  16 
  13 
  12 
  15 
  13 
  17 
  15 
  19 
  15 
  20 
  13 
  13 
  15 
  25 
  15 
  13 
  12 
  15 
  17 
  13 
  13 
  11 
  15 
  12 
  12 
  16 
  15 
  20 
  15 
  15 
  15 
  15 
  11 
  12 
  13 
  13 
  13 
  13 
   9 
  16 
  15 
  12 
  17 
  12 
  13 
  12 
  12 
  13 
  12 
  16 
  15 
  12 
 11 
  9 
 11 
 11 
 17 
 20 
 13 
 20 
 43 
 11 
  9 
 11 
 12 
 11 
 12 
 12 
 12 
 12 
  9 
 11 
 11 
 11 
  8 
 12 
 16 
 12 
 11 
 11 
 12 
  8 
  9 
  9 
  9 
 11 
  9 
  7 
 13 
 11 
  9 
  8 
  8 
  8 
  8 
  9 
 13 
  8 
  9 
  9 
 12 
 11 
 11 
  9 
  9 
  9 
  8 
  8 
  9 
  8 
  8 
  9 
 11 
 12 
 11 
 12 
 11 
  9 
  9 
  9 
  9 
 12 
 13 
 11 
 15 
 21 
 11 
 23 
  8 
  9 
  8 
 11 
 12 
 12 
  8 
 12 
  9 
 11 
  9 
 12 
 11 
  8 
 11 
  9 
  9 
  9 
  9 
 11 
