   253 
  2492 
  3193 
  3994 
  6540 
  5362 
  7054 
 11302 
  4328 
   942 
    24 
    17 
   294 
  3166 
  5554 
 11060 
 11618 
  7528 
 19839 
 26685 
  4877 
  4203 
  1314 
   259 
   111 
   126 
   632 
   538 
  1268 
  2390 
  2861 
  1596 
    55 
    35 
    83 
    43 
   241 
   601 
  2859 
  1032 
  5757 
 11115 
  9851 
  3351 
  1258 
    98 
    62 
    64 
   135 
   933 
   903 
  4667 
  4122 
 14067 
 16673 
 13895 
  1447 
   369 
   113 
    72 
   102 
   158 
   273 
   437 
  1432 
  1351 
  2647 
  2679 
  4046 
   721 
   174 
    99 
    46 
    61 
    60 
   635 
   589 
   531 
   577 
   572 
   148 
    50 
    32 
    31 
    41 
    57 
   138 
   180 
   150 
   183 
   125 
   134 
    48 
    31 
    25 
    16 
  2966 
   633 
  2615 
  3570 
  5240 
  4880 
  3905 
  4481 
    36 
   189 
   118 
    63 
  7457 
 19318 
  4291 
 23083 
 29916 
 43217 
 48184 
 27842 
 24080 
  5210 
  6171 
   427 
   566 
  1413 
  5540 
   442 
 21675 
 15968 
 15458 
 18353 
  9813 
   654 
    19 
    12 
  4063 
  2290 
 10367 
 13198 
 25121 
 18926 
 18850 
 14758 
  3935 
   482 
    94 
    67 
   836 
   695 
  2021 
 21694 
 25268 
 16284 
 29704 
 14814 
  1629 
   227 
   129 
    64 
  1652 
  1979 
  2773 
  9201 
  2501 
 11206 
 20385 
 16053 
  1385 
   568 
   105 
    60 
  1105 
   476 
  7393 
 12789 
    16 
    15 
 10690 
 11621 
  5580 
   969 
   181 
    85 
  1972 
   780 
   986 
    15 
    15 
    16 
  8611 
  7210 
  1910 
   876 
   289 
   178 
  12 
  15 
  11 
  15 
  12 
  40 
  11 
  23 
  15 
  11 
  12 
  13 
   9 
  12 
  11 
   9 
  11 
  11 
  16 
   9 
  12 
  12 
  12 
 234 
  15 
  11 
  13 
  11 
   8 
   9 
  11 
   9 
   9 
  12 
  12 
  11 
  12 
  11 
  11 
  11 
  13 
   9 
   9 
  13 
  12 
   9 
  11 
  13 
  11 
   9 
  11 
  11 
   7 
   9 
   9 
   9 
   9 
   8 
  12 
  11 
  12 
   9 
  12 
  11 
  11 
   9 
  11 
   9 
  12 
  13 
  13 
  11 
  12 
   9 
  12 
   8 
  11 
   9 
  12 
  12 
  11 
  12 
   8 
  15 
   9 
   9 
  11 
  13 
   9 
  11 
  16 
  12 
  11 
   9 
   9 
  12 
  25 
 416 
  25 
 382 
 272 
 154 
  16 
  89 
  38 
  97 
  34 
  32 
  24 
  16 
  11 
  16 
  15 
  12 
  15 
  11 
  13 
  13 
  13 
  19 
  20 
  19 
  17 
  16 
  13 
  16 
  16 
  12 
  12 
  23 
  19 
  16 
  17 
  20 
  16 
  25 
  16 
  19 
  19 
  15 
  17 
  11 
  24 
  20 
  19 
  17 
  15 
  19 
  13 
  13 
  15 
  19 
  17 
  16 
  17 
  36 
  40 
  21 
  15 
  13 
  13 
  13 
  11 
  11 
  20 
  17 
  58 
 103 
  38 
  15 
  16 
  17 
  17 
  15 
  17 
  17 
  15 
  12 
  17 
  15 
  24 
  12 
  15 
  12 
  17 
  12 
  11 
  13 
  12 
  11 
  23 
  23 
 11 
 11 
 12 
 12 
 13 
 28 
  8 
  9 
 11 
 83 
 13 
 21 
 13 
 12 
  8 
 12 
  8 
  9 
 11 
  9 
  9 
 11 
  9 
 11 
  8 
 12 
  9 
  9 
 12 
  9 
 11 
 11 
  9 
 11 
  8 
 12 
  8 
 11 
 13 
 12 
 11 
 11 
 12 
 12 
 12 
  9 
  9 
  9 
 12 
  8 
 11 
  9 
  8 
  9 
  9 
  7 
 13 
  9 
 13 
 11 
 12 
  9 
  8 
  9 
  9 
  8 
 11 
 11 
  8 
 12 
 11 
  9 
 11 
 12 
 12 
  8 
 12 
  9 
 11 
 12 
 11 
 11 
 11 
  9 
 12 
  8 
  8 
 12 
 12 
 11 
  9 
 11 
  9 
 12 
 11 
  8 
  9 
 11 
  9 
 21 
 20 
 34 
 12 
 13 
 11 
 12 
 11 
 11 
 12 
  9 
 11 
 11 
  9 
 11 
 11 
  8 
 12 
 11 
 11 
  9 
 11 
 11 
  9 
  9 
  9 
 11 
 11 
 11 
 11 
  9 
  9 
 12 
 11 
  9 
  9 
 11 
 12 
  8 
  8 
 11 
 11 
 11 
 11 
  9 
 11 
 11 
  9 
  7 
  8 
 13 
 11 
 12 
  9 
  9 
  8 
 12 
 11 
  9 
  7 
  7 
  9 
  5 
 11 
  9 
 12 
  9 
  9 
  8 
 12 
  8 
 12 
  9 
  8 
 11 
 11 
 12 
 11 
  9 
  9 
 11 
 11 
 12 
  9 
  9 
 12 
 12 
  9 
 11 
  9 
  8 
 11 
  9 
  15 
  15 
  13 
 778 
 172 
  15 
  15 
  19 
  21 
  17 
  15 
  82 
  12 
  13 
  17 
  16 
  16 
  15 
  17 
  15 
  13 
  15 
  16 
  20 
  12 
  13 
  20 
  17 
  13 
  16 
  24 
  17 
  16 
  12 
  12 
  17 
  13 
  16 
  17 
  12 
  15 
  15 
  11 
  13 
  16 
  11 
  13 
  17 
  12 
  17 
  13 
  16 
  13 
  16 
  17 
  13 
  15 
  25 
  15 
  15 
  12 
  15 
  15 
  11 
  12 
  12 
  16 
  13 
  12 
  13 
  12 
  17 
  16 
  13 
  11 
  15 
  12 
  15 
   9 
  13 
  15 
  11 
  16 
  12 
  13 
  11 
  17 
  16 
  13 
  15 
  16 
  12 
  13 
  16 
  15 
  16 
 13 
 11 
 11 
 11 
 20 
 33 
 12 
 13 
 46 
 11 
 12 
 11 
 11 
 11 
 11 
 11 
  9 
 11 
  9 
 13 
  8 
 12 
 13 
 13 
 13 
 13 
 11 
 11 
  9 
 11 
 12 
  8 
  9 
  8 
  9 
 11 
 13 
 11 
  9 
 12 
 13 
  8 
 12 
  8 
 12 
 11 
 12 
  9 
 12 
 12 
  9 
  9 
  9 
 11 
  8 
  9 
  8 
 11 
 12 
  9 
 11 
 13 
  8 
 11 
 12 
  9 
 12 
 13 
 11 
  9 
  9 
 11 
 15 
 17 
 15 
 24 
  8 
  8 
  9 
 12 
 11 
 11 
  9 
 13 
 13 
 12 
  9 
 12 
  9 
 11 
 12 
  9 
 11 
 12 
 11 
 15 
