   669 
  1730 
  1791 
  1792 
  2531 
  4361 
  3649 
  5411 
  2180 
   844 
    32 
    55 
   270 
  1726 
  3399 
  6092 
  7288 
  3763 
 10666 
 10976 
  2020 
  2527 
   460 
    35 
    34 
   102 
   578 
   538 
  1300 
  2025 
  2514 
   490 
    36 
    32 
   118 
    74 
   201 
   446 
  1408 
   191 
  2835 
  6172 
  3132 
   442 
   558 
    46 
    46 
   133 
   158 
   403 
   652 
  1741 
  2420 
  6102 
  6788 
  2275 
  1209 
   354 
   157 
    76 
   166 
   188 
   195 
   315 
   768 
   943 
  1421 
  1564 
  1637 
   364 
   150 
   196 
    40 
    81 
    46 
   262 
   178 
   208 
   231 
   207 
    70 
    50 
    25 
    34 
    20 
    49 
   121 
   130 
    89 
   136 
    82 
   144 
    46 
    35 
    23 
    16 
  1458 
  1143 
  2126 
  2823 
  3006 
  2892 
  3853 
  3241 
    38 
   215 
   123 
   165 
  5070 
 11761 
  1994 
 13983 
 16675 
 21300 
 16467 
 14163 
 10933 
  2114 
   691 
    51 
   335 
  1290 
  2338 
   639 
 11369 
  8919 
  6783 
  8446 
  4014 
   623 
    15 
    13 
   994 
   767 
  3502 
  5217 
 12672 
 10468 
  7274 
  4458 
  1710 
   498 
    70 
    81 
   804 
   368 
   877 
  5462 
  5564 
  6211 
  8725 
  2635 
   462 
   256 
    59 
    43 
  2726 
  1494 
  1461 
  2129 
   796 
  4220 
  5391 
  5131 
   915 
   234 
    31 
    47 
  1035 
   146 
  2525 
  4288 
    12 
    15 
  3891 
  3548 
  2398 
   627 
   144 
    72 
   982 
   669 
   795 
    11 
    15 
     9 
  3542 
  3143 
  1514 
   662 
   227 
   102 
   9 
   9 
   9 
  26 
  21 
  54 
  12 
  38 
  12 
  13 
   9 
  12 
  12 
  11 
   8 
   8 
   9 
   9 
   9 
  13 
   8 
  11 
  11 
 144 
  12 
   9 
  13 
  13 
  11 
  11 
   9 
  11 
  11 
   8 
  11 
  11 
  11 
   8 
  11 
   9 
   8 
   8 
  11 
  11 
  11 
  12 
   9 
  13 
  12 
  12 
  11 
  11 
  12 
   9 
  11 
   9 
   9 
   9 
   7 
  13 
   9 
  11 
  11 
  13 
   9 
  11 
   9 
  11 
  11 
  12 
  11 
  13 
  11 
  11 
  11 
  12 
   9 
   9 
   9 
   9 
   8 
   9 
   9 
   9 
  12 
  12 
  11 
  13 
  12 
  12 
  12 
  13 
  12 
   9 
  11 
  13 
  21 
 620 
 276 
 352 
 485 
 370 
  16 
  27 
  60 
  58 
  27 
  28 
  20 
  20 
  15 
  11 
  11 
  13 
  12 
  15 
  11 
  13 
  11 
  17 
  16 
  17 
  17 
  16 
  13 
  13 
  15 
  16 
  13 
  21 
  13 
  16 
  16 
  21 
  13 
  19 
  15 
  17 
  16 
  13 
  16 
  20 
  23 
  20 
  17 
  13 
  16 
  15 
  13 
  12 
  15 
  21 
  19 
  17 
  15 
  24 
  25 
  16 
  13 
  16 
  12 
  12 
  13 
  16 
  17 
  16 
  43 
  68 
  30 
  16 
  15 
  16 
  13 
  15 
  16 
  15 
  12 
  11 
  16 
  17 
  20 
  12 
  12 
  15 
  15 
  12 
   8 
  12 
  23 
   9 
  15 
  17 
 11 
 11 
 11 
 19 
 36 
 36 
  7 
 21 
 17 
 62 
 39 
  9 
 12 
 11 
  9 
 11 
 11 
  8 
  9 
  9 
  9 
  8 
  9 
 12 
 12 
 11 
 12 
  8 
 12 
 11 
 11 
  8 
 12 
  9 
  9 
  8 
  8 
  8 
 11 
  9 
  8 
  8 
  9 
  8 
  9 
  8 
 11 
  7 
 11 
  9 
  9 
  8 
 11 
 11 
  9 
 11 
 11 
  8 
  9 
  9 
 12 
  9 
 11 
  7 
  9 
  9 
 11 
  9 
  9 
 12 
 12 
 13 
 12 
  9 
  9 
 11 
  8 
  9 
  9 
  8 
 11 
  7 
  9 
  9 
 11 
 12 
  8 
 11 
  9 
  9 
 11 
 11 
 12 
 11 
  9 
 11 
 12 
  9 
 13 
 49 
 26 
 32 
 13 
 11 
  7 
 11 
 12 
 12 
 12 
 13 
  8 
  9 
 11 
  8 
  9 
  9 
  9 
 11 
 12 
  9 
 11 
  8 
 12 
 11 
  7 
  9 
  9 
 13 
  9 
  8 
 11 
  8 
 11 
 11 
 11 
  9 
 11 
  8 
  8 
  9 
  8 
  9 
  7 
  8 
  9 
 11 
 11 
  7 
  9 
  7 
  9 
  9 
  8 
 11 
 11 
  8 
 11 
 11 
  7 
  8 
  9 
 12 
 11 
 12 
 12 
  9 
  9 
 11 
  9 
 11 
  7 
  9 
  8 
 11 
  8 
  9 
  9 
  8 
  9 
  9 
  9 
  9 
  9 
  9 
 11 
  8 
 11 
  7 
 12 
 11 
  9 
 13 
  12 
  12 
  15 
 568 
 135 
  16 
  13 
  15 
  38 
  13 
  20 
  27 
  12 
  11 
  13 
  16 
  16 
  13 
  15 
  15 
  15 
  15 
  13 
  15 
  13 
  13 
  20 
  15 
  11 
  12 
  19 
  17 
  16 
  12 
  13 
  15 
  13 
  12 
  17 
  13 
  15 
  16 
  12 
  15 
  15 
  15 
  13 
  13 
   9 
  16 
  12 
  17 
  16 
  15 
  15 
  16 
  15 
  20 
  15 
  11 
  13 
  12 
  19 
  11 
  15 
  12 
  15 
  12 
  12 
  17 
  12 
  17 
  15 
  12 
  16 
  15 
  13 
  12 
  13 
  11 
  13 
  12 
  13 
  13 
  11 
  12 
  16 
  15 
  12 
  13 
  12 
  15 
  15 
  12 
  13 
  17 
 12 
 16 
 12 
 13 
 21 
 30 
 12 
 12 
 38 
  9 
 13 
 11 
 11 
  9 
  8 
 11 
  8 
  8 
 11 
  9 
  9 
 11 
  9 
 11 
 12 
 11 
  8 
  7 
  8 
  8 
  9 
 12 
  8 
  9 
 11 
 11 
 13 
  9 
  9 
  9 
  9 
  9 
  9 
  9 
  9 
 11 
  8 
 11 
  8 
 12 
  5 
 11 
 12 
 11 
 11 
  7 
  9 
 11 
 11 
  7 
 12 
 13 
  9 
  9 
 11 
  8 
  7 
 11 
  7 
  9 
  9 
 11 
 20 
 20 
 13 
 17 
  9 
  9 
 11 
  9 
  9 
  8 
 11 
 11 
 11 
 12 
  9 
 13 
 11 
  9 
  9 
 11 
  9 
  9 
  9 
 13 
