  672 
 1937 
 1693 
 2975 
 4231 
 4281 
 5040 
 9734 
 3410 
 1223 
   19 
   38 
  192 
  680 
 1510 
 3362 
 4619 
 2554 
 4175 
 5627 
 1063 
  962 
  169 
   24 
   46 
  332 
  841 
  823 
 1758 
 3288 
 3789 
  782 
   63 
  111 
  326 
   59 
  176 
  293 
  807 
  205 
 2773 
 5697 
 2220 
  365 
  564 
   30 
   58 
  117 
  253 
  254 
  411 
 1673 
 2460 
 3589 
 3429 
 1329 
  718 
  239 
  199 
  119 
  262 
  234 
  189 
  265 
  905 
  674 
 1429 
 1350 
  793 
  203 
  123 
  177 
   26 
   50 
   41 
  123 
   91 
  105 
  110 
   99 
   46 
   54 
   28 
   32 
   24 
   38 
   82 
   86 
   60 
   79 
   62 
  105 
   40 
   36 
   23 
   16 
 1710 
 1477 
 3053 
 3759 
 6467 
 4805 
 6689 
 5225 
   24 
  311 
  181 
  185 
   20 
   16 
 1506 
 5659 
 6413 
 7000 
 4967 
 5253 
 4713 
  855 
  600 
   42 
  188 
  889 
 2500 
 1057 
 6404 
 6727 
 3622 
 6255 
 3881 
  403 
   12 
   17 
   23 
  437 
 2721 
 4619 
 7225 
 7136 
 5312 
 3991 
 1369 
  435 
   70 
  127 
  766 
  240 
  639 
 2162 
 2894 
 3856 
 3672 
 1778 
  283 
  164 
   38 
   46 
   21 
  894 
  948 
 1530 
  811 
 2636 
 2032 
 2435 
  511 
  188 
   28 
   62 
  711 
   95 
 1591 
 3004 
   16 
    9 
 2082 
 2061 
 1491 
  276 
  111 
   95 
  840 
  444 
  484 
   16 
   11 
   12 
 1694 
 2071 
  790 
  302 
  148 
   76 
  11 
  13 
   7 
  17 
  17 
  42 
  12 
  31 
  12 
   9 
  13 
  15 
  13 
   9 
  12 
  12 
   9 
  12 
   9 
   9 
   9 
  12 
  12 
 207 
  12 
  11 
  12 
   9 
  11 
   8 
  12 
   9 
  11 
   9 
   8 
  11 
  11 
  11 
  11 
   8 
   9 
   9 
  11 
   9 
  12 
  11 
  12 
  11 
  13 
  11 
  12 
  11 
   9 
   8 
  13 
   8 
   9 
  11 
   9 
  11 
  11 
  12 
  11 
  11 
  11 
  11 
  12 
  12 
   9 
   8 
  11 
  11 
   9 
   9 
   9 
   9 
   8 
  12 
  11 
   9 
   9 
   7 
   8 
  12 
  13 
  12 
  12 
   9 
  11 
  11 
  12 
  11 
  12 
   8 
  11 
  11 
  23 
 417 
 631 
 102 
 268 
 102 
  17 
 140 
  67 
  60 
  51 
  32 
  19 
  16 
  13 
  11 
  11 
  12 
  11 
  11 
  13 
  15 
  15 
  16 
  15 
  13 
  13 
  13 
  13 
  13 
  16 
  15 
  16 
  21 
  15 
  15 
  15 
  24 
  15 
  17 
  16 
  17 
  13 
  12 
  16 
  20 
  20 
  19 
  19 
  12 
  15 
  13 
  15 
  12 
  11 
  20 
  13 
  13 
  12 
  32 
  34 
  20 
  16 
  15 
  13 
  12 
  15 
  13 
  17 
  16 
  44 
  68 
  28 
  12 
  11 
  12 
  15 
  16 
  13 
  16 
  13 
  16 
  17 
  15 
  19 
  11 
  13 
  13 
  19 
   9 
  11 
  13 
  12 
   9 
  13 
  16 
  11 
   9 
  11 
  11 
  21 
  28 
  12 
  24 
  17 
 109 
  19 
  11 
  11 
  11 
   9 
   9 
   9 
   8 
  11 
  12 
   9 
  12 
   9 
  11 
  13 
  12 
   9 
   8 
  11 
  11 
   9 
  11 
   7 
   8 
  11 
   9 
  11 
  11 
  11 
   8 
   9 
   9 
   9 
   9 
   9 
  12 
   9 
  11 
   9 
  13 
   9 
   9 
  11 
   8 
  11 
  11 
   9 
  12 
  11 
  11 
  12 
  15 
   9 
  12 
  12 
  12 
  11 
  11 
   8 
  11 
  13 
   9 
   8 
   8 
   8 
   9 
   9 
  11 
   9 
  11 
  11 
   9 
  11 
  12 
  11 
   8 
  11 
   8 
  11 
  11 
  11 
  11 
  11 
   9 
   8 
  13 
  8 
  8 
 11 
 32 
 24 
 41 
  7 
 11 
 11 
 11 
  8 
  9 
 12 
 11 
 11 
 11 
 12 
  9 
 11 
 11 
  9 
 11 
 13 
 11 
 11 
  9 
  8 
 12 
  9 
  8 
 11 
  9 
 11 
  9 
  8 
 11 
 12 
  9 
  7 
  7 
  7 
  9 
 11 
  9 
  8 
  9 
 11 
  9 
 11 
 11 
 11 
 11 
  8 
  7 
  9 
  8 
 12 
  9 
  9 
 11 
 11 
  9 
  8 
  9 
  8 
  7 
  7 
 12 
  9 
  9 
  8 
 12 
 11 
  8 
  8 
  8 
  8 
 11 
  8 
  9 
  9 
 11 
  8 
 11 
 11 
 11 
 11 
  8 
 11 
  9 
 12 
 11 
 11 
  9 
 11 
 12 
  15 
 140 
  15 
 755 
  82 
  12 
   9 
  40 
  81 
  15 
  27 
 121 
   9 
  12 
  20 
  16 
  12 
  16 
  17 
  16 
  15 
  12 
  13 
  13 
  11 
  11 
  16 
  12 
  15 
  15 
  19 
  13 
  16 
  13 
  13 
  13 
  11 
  16 
  17 
  15 
  13 
  15 
  15 
  12 
  13 
  13 
  11 
  12 
  13 
  13 
  13 
  21 
  15 
  17 
  13 
  13 
  15 
  25 
  15 
  15 
  13 
  11 
  13 
  12 
  13 
  11 
  13 
  15 
  13 
  12 
  15 
  17 
  13 
  12 
  12 
  16 
  11 
  15 
  13 
  11 
  12 
  13 
  13 
  12 
  13 
  11 
  12 
  13 
  12 
  11 
  12 
  12 
  15 
  13 
  13 
  16 
 13 
 12 
 12 
  9 
 21 
 34 
 12 
 12 
 42 
  9 
  9 
 11 
 13 
 12 
  8 
  9 
  8 
  9 
 12 
 11 
  9 
 11 
  8 
 12 
  9 
  9 
 11 
 12 
 11 
 11 
  9 
  9 
  8 
 15 
  9 
 11 
 13 
 12 
 11 
 11 
  9 
 11 
  9 
  7 
 11 
  9 
 11 
 12 
 13 
  8 
 11 
 11 
  8 
  8 
 11 
  8 
  7 
  9 
  8 
  9 
  8 
  9 
  8 
 11 
 12 
 12 
  7 
 11 
  9 
 12 
  9 
 12 
 15 
 16 
 12 
 25 
  9 
 11 
  8 
  9 
 11 
  8 
  9 
  9 
 13 
 12 
 11 
 11 
 11 
 11 
 12 
 11 
  9 
  9 
  9 
 13 
