   281 
  2292 
  2652 
  3305 
  4750 
  4688 
  5465 
  8026 
  3128 
   764 
    32 
    78 
   257 
  2708 
  4809 
  9603 
  9902 
  6590 
 18035 
 22697 
  4240 
  3747 
  1146 
   247 
   117 
   102 
   550 
   458 
  1037 
  1937 
  2216 
  1064 
    56 
    25 
    91 
    42 
   213 
   487 
  2267 
   774 
  4626 
  8662 
  7763 
  2216 
   996 
    82 
    50 
    63 
   123 
   737 
   718 
  3697 
  3171 
 11172 
 13979 
 11019 
  1157 
   299 
   101 
    67 
    95 
   131 
   217 
   327 
  1121 
  1134 
  2036 
  2088 
  3395 
   616 
   146 
    93 
    48 
    52 
    61 
   628 
   564 
   540 
   584 
   569 
   142 
    44 
    35 
    31 
    41 
    64 
   143 
   192 
   163 
   196 
   138 
   133 
    52 
    28 
    23 
    17 
  2135 
   523 
  1820 
  2847 
  3453 
  3440 
  2962 
  3072 
    54 
   114 
    99 
    66 
  7428 
 18653 
  3812 
 21475 
 27560 
 39863 
 39755 
 24069 
 21343 
  4876 
  4453 
   280 
   490 
  1154 
  4189 
   510 
 17506 
 12974 
 12530 
 13850 
  7459 
   530 
    15 
    19 
  3763 
  2074 
  7983 
 10171 
 20380 
 15570 
 14564 
 11304 
  3245 
   376 
    90 
    64 
   737 
   544 
  1628 
 16579 
 21018 
 13272 
 25017 
 11486 
  1365 
   204 
   106 
    66 
  1504 
  1676 
  2378 
  7332 
  2123 
  9265 
 16929 
 13691 
  1217 
   495 
    89 
    52 
  1011 
   404 
  6139 
 10469 
    17 
    16 
  8524 
  9905 
  4807 
   843 
   154 
    71 
  1820 
   707 
   897 
    16 
    15 
    12 
  7275 
  6198 
  1655 
   781 
   255 
   156 
   9 
   9 
  11 
  16 
  12 
  41 
  11 
  17 
  13 
  12 
  13 
  12 
  12 
   9 
  12 
  11 
  11 
  11 
  17 
   9 
  12 
  11 
  15 
 263 
  12 
  11 
   9 
  11 
  12 
  11 
  12 
   8 
   8 
  13 
  11 
  11 
  13 
  12 
  12 
  11 
   9 
  15 
   9 
   8 
   9 
  11 
   9 
  12 
  12 
   8 
  11 
  11 
   9 
  11 
   8 
  11 
  12 
   9 
  13 
  16 
  11 
  11 
   9 
  12 
  11 
  11 
  12 
   9 
  12 
  11 
   9 
  11 
  12 
  11 
  11 
   9 
  11 
  11 
  11 
  11 
  12 
  11 
  11 
  13 
  13 
  11 
   8 
  13 
  13 
   9 
  13 
  13 
  11 
  12 
  12 
  12 
  23 
 388 
  34 
 330 
 276 
 193 
  13 
  67 
  23 
  52 
  25 
  25 
  24 
  17 
  13 
  13 
  13 
  13 
  12 
  11 
  12 
  13 
  15 
  17 
  15 
  16 
  16 
  17 
  13 
  19 
  15 
  13 
  12 
  24 
  16 
  17 
  20 
  24 
  12 
  25 
  16 
  17 
  16 
  17 
  17 
  13 
  23 
  23 
  16 
  15 
  15 
  19 
  13 
  15 
  12 
  21 
  15 
  17 
  15 
  36 
  34 
  21 
  15 
  15 
  11 
  12 
  11 
  13 
  17 
  16 
  59 
  87 
  32 
  13 
  13 
  19 
  12 
  13 
  16 
  17 
  17 
  15 
  20 
  15 
  25 
  15 
  11 
  12 
  15 
  11 
   9 
  11 
  13 
  11 
  20 
  19 
  8 
  9 
  7 
 15 
 20 
 30 
  8 
 11 
 16 
 95 
 12 
  9 
 12 
 11 
  9 
  9 
 11 
  8 
  8 
 11 
 11 
  7 
 12 
  9 
  9 
 12 
  7 
  9 
  9 
 12 
 12 
  9 
  8 
  8 
 11 
  9 
  9 
  8 
  8 
  8 
  9 
  9 
 12 
  9 
 11 
 11 
  9 
  9 
 11 
 12 
 12 
  9 
 11 
 11 
  8 
  9 
  9 
  9 
  8 
 12 
 11 
  9 
 11 
  9 
  7 
  9 
 11 
 11 
  8 
 12 
  9 
  9 
  8 
  9 
  7 
  9 
  8 
 11 
  9 
  9 
 11 
  9 
 11 
  9 
  7 
 13 
  8 
 11 
 11 
 11 
  9 
  9 
  9 
  9 
 11 
 12 
 11 
 12 
 11 
 26 
 21 
 37 
 12 
 20 
 12 
 12 
 11 
 11 
 12 
 11 
 11 
 11 
 11 
  9 
  9 
 12 
 11 
 12 
  9 
 12 
 12 
  9 
  9 
 11 
  8 
 11 
 11 
  9 
 12 
  9 
 12 
 11 
  9 
 11 
  9 
  9 
 11 
 11 
  9 
  9 
 11 
  9 
  8 
  8 
  9 
  9 
  9 
 11 
  8 
  8 
 11 
 11 
 11 
  9 
  8 
 12 
 12 
  9 
  9 
  9 
  9 
 11 
  8 
  8 
  8 
  9 
 11 
  9 
 12 
  9 
  9 
  8 
  9 
  9 
 11 
  8 
 11 
  9 
  9 
  9 
 12 
 12 
 11 
  9 
  8 
  9 
 11 
  8 
  9 
  9 
  8 
 16 
  15 
 375 
  15 
 820 
 344 
  16 
  15 
  24 
  21 
  20 
  23 
  40 
  16 
  12 
  17 
  17 
  16 
  17 
  15 
  17 
  15 
  13 
  16 
  35 
  12 
  15 
  16 
  13 
  12 
  16 
  24 
  12 
  16 
  16 
  20 
  12 
  12 
  17 
  17 
  11 
  15 
  13 
  16 
  15 
  13 
  16 
  15 
  15 
  15 
  17 
  15 
  20 
  12 
  16 
  13 
  12 
  13 
  27 
  13 
  13 
  12 
  13 
  15 
  13 
  11 
  13 
  15 
  12 
  15 
  13 
  12 
  13 
  17 
  12 
  15 
  12 
  13 
  16 
  11 
  17 
  17 
  12 
  13 
  15 
  16 
  11 
  13 
  13 
  15 
  12 
   9 
  12 
  16 
  15 
  12 
  13 
 12 
  9 
  9 
  9 
 23 
 21 
 13 
  9 
 36 
 11 
 12 
 11 
 13 
  9 
 11 
 11 
  8 
 12 
 13 
 11 
 11 
  9 
  8 
 13 
 11 
 12 
  9 
  7 
 11 
  9 
 15 
 11 
 11 
 13 
 11 
  8 
 12 
 12 
  9 
  9 
  9 
  8 
 11 
  8 
 11 
  9 
 12 
 11 
 11 
  9 
 12 
  9 
  9 
  8 
 11 
  8 
 12 
  9 
  9 
  9 
 13 
 12 
  9 
  8 
 12 
  9 
  9 
  7 
  8 
  9 
  9 
  8 
 17 
 17 
 11 
 24 
 11 
  8 
  7 
 13 
  9 
  8 
  8 
 11 
 12 
 12 
  9 
 11 
  9 
 11 
 13 
 11 
  9 
 11 
  9 
 12 
