   892 
  5882 
  6572 
  6084 
  9302 
  9983 
 11600 
 21485 
  7692 
  2425 
    67 
    28 
   139 
  2112 
  3273 
  5266 
  6894 
  3532 
  6685 
 11504 
  2743 
  2036 
   554 
    76 
   111 
   376 
  1945 
  1657 
  3313 
  5856 
  7200 
  3375 
   109 
    58 
   166 
    97 
   106 
   450 
  1988 
   748 
  4909 
  8666 
  4895 
  2962 
  1005 
    72 
    35 
    43 
    83 
   739 
   691 
  2761 
  4806 
  8785 
  7744 
  4346 
  1792 
   266 
    70 
    34 
    62 
   115 
   269 
   424 
  1570 
  1037 
  2822 
  1836 
  3338 
   443 
   107 
    50 
    45 
    54 
    46 
   472 
   376 
   411 
   417 
   376 
   105 
    54 
    35 
    43 
    45 
    81 
   193 
   215 
   192 
   233 
   146 
   161 
    66 
    34 
    32 
    19 
  6054 
  2051 
  5607 
  7598 
 13026 
 10623 
 10099 
 11292 
    50 
   365 
   330 
   240 
  3173 
  5648 
  1762 
  6948 
  9331 
 10004 
 15313 
  8971 
  7369 
  1939 
  4244 
   221 
   227 
   913 
  4263 
  1303 
 13465 
 13599 
  9992 
 18662 
  7326 
   588 
    15 
    15 
  1978 
   984 
  5909 
  9747 
 15547 
 13921 
 14092 
  9934 
  2499 
   466 
    70 
    38 
   355 
   375 
  1043 
  7279 
  9725 
 10692 
 11161 
  6873 
   693 
   156 
    46 
    30 
  1217 
   841 
  1509 
  3023 
  1310 
  6378 
  7145 
  5328 
   863 
    74 
    46 
    25 
   559 
   209 
  3114 
  6474 
    12 
    16 
  4625 
  4609 
  2621 
   476 
   146 
    34 
  1208 
   434 
   603 
    12 
    11 
    12 
  3971 
  3663 
   990 
   450 
   123 
    60 
  12 
   9 
  12 
  16 
  13 
  45 
  13 
  31 
  16 
   9 
  11 
  12 
   9 
  11 
  11 
  13 
  11 
   8 
  11 
   8 
   9 
   9 
  13 
 153 
  16 
   8 
   9 
   8 
  11 
  11 
   9 
  11 
  12 
  11 
   9 
  11 
  12 
  13 
  12 
   9 
  12 
   9 
   7 
   8 
  12 
  11 
  12 
  11 
  13 
  12 
  11 
   9 
   9 
   8 
  12 
  12 
  11 
  11 
   9 
  16 
  11 
   9 
   8 
  11 
   9 
  11 
  12 
   8 
  11 
   8 
   8 
  11 
   9 
  12 
   8 
  11 
   8 
   9 
   9 
  11 
  12 
  12 
  11 
  12 
   9 
  12 
   9 
  11 
  12 
  11 
  12 
  12 
  13 
  12 
  12 
  12 
  24 
 428 
  82 
 326 
 378 
 213 
  17 
 117 
  97 
 133 
  39 
  43 
  19 
  25 
  13 
   9 
  13 
   8 
  11 
  12 
  15 
  17 
  12 
  17 
  19 
  20 
  16 
  20 
  15 
  11 
  16 
  15 
  13 
  20 
  16 
  13 
  16 
  23 
  17 
  17 
  13 
  21 
  12 
  15 
  15 
   9 
  23 
  23 
  15 
  13 
  13 
  16 
  13 
  15 
  17 
  21 
  17 
  12 
  15 
  27 
  30 
  17 
  19 
  16 
  12 
  12 
  13 
  13 
  17 
  17 
  46 
  70 
  29 
  16 
  15 
  13 
  15 
  15 
  16 
  19 
  12 
  17 
  16 
  16 
  23 
  15 
  13 
  15 
  19 
  13 
  11 
  11 
  15 
   9 
  21 
  21 
  17 
   9 
   9 
  12 
  30 
  36 
   9 
   9 
  11 
 117 
  11 
  13 
  13 
  11 
  11 
   9 
   8 
  11 
   9 
   9 
  11 
  12 
   9 
  12 
  11 
   9 
   9 
   8 
   9 
  11 
  16 
   8 
  11 
   9 
   9 
  12 
  11 
   9 
  12 
   9 
   7 
   8 
   9 
  12 
  11 
   8 
  12 
   9 
   9 
   8 
   9 
   8 
   8 
   8 
   9 
  13 
  11 
   9 
  12 
  11 
   9 
  11 
   9 
   8 
   9 
   8 
   8 
   8 
   9 
  11 
   9 
  11 
  11 
  13 
   8 
  12 
  11 
  11 
  11 
   9 
   9 
  12 
  11 
   9 
   8 
  11 
  11 
   8 
  12 
   9 
  11 
  11 
   9 
  11 
  12 
  11 
 11 
  9 
  8 
 34 
 21 
 32 
 11 
 12 
  9 
  9 
  9 
  9 
 12 
 12 
 12 
  9 
  9 
  9 
  9 
  8 
 11 
 13 
 11 
 11 
 13 
  9 
  8 
 12 
  9 
 12 
 11 
 12 
  8 
  8 
  9 
  9 
 11 
  8 
 13 
  8 
  9 
  8 
 11 
  7 
  8 
 12 
 11 
 13 
  9 
 11 
  8 
  8 
 12 
  8 
 11 
  9 
  9 
 12 
  9 
  9 
  9 
  9 
  9 
 12 
  7 
  9 
  9 
  8 
 13 
  8 
 11 
 11 
 12 
  9 
  8 
 11 
  9 
  9 
  7 
  9 
  8 
  9 
  9 
 11 
  8 
 11 
  9 
 11 
 11 
 11 
  8 
  9 
  9 
  9 
  9 
 12 
  13 
  15 
  12 
 763 
 384 
  16 
  13 
  25 
  54 
  17 
  31 
  27 
  13 
  12 
  15 
  19 
  16 
  13 
  16 
  19 
  16 
  16 
  13 
  20 
  13 
  12 
  17 
  15 
  15 
  17 
  20 
  15 
  19 
  16 
  17 
  13 
  13 
  17 
  16 
  13 
  15 
  13 
  13 
  15 
  13 
  13 
  13 
  12 
  11 
  12 
  16 
  20 
  12 
  15 
  16 
  19 
  13 
  23 
  15 
  13 
  15 
  15 
  13 
  12 
  11 
  15 
  13 
  13 
  12 
  13 
  13 
  15 
  16 
  13 
  15 
  13 
  12 
  13 
  11 
  12 
  13 
  13 
  13 
  13 
  13 
  11 
  13 
  15 
  15 
  13 
  15 
  15 
  15 
  11 
  15 
  15 
 11 
  9 
 11 
 12 
 26 
 32 
 11 
 12 
 42 
 15 
  9 
 12 
 12 
 12 
  7 
 11 
  9 
 11 
  9 
 12 
  7 
  9 
 11 
 11 
 12 
 11 
  8 
  8 
  9 
  8 
  9 
 11 
 12 
  8 
  9 
 12 
 12 
 11 
  8 
 11 
  8 
 11 
  8 
  9 
  8 
  9 
 11 
 13 
  9 
  8 
  9 
 11 
  8 
  8 
 11 
  9 
  9 
 12 
  7 
  8 
 13 
 12 
  7 
  9 
  9 
  9 
  8 
  9 
  9 
  7 
 11 
 12 
 15 
 15 
 12 
 23 
  9 
  9 
  9 
  8 
  9 
 12 
 11 
 11 
 17 
 12 
 12 
  7 
 12 
  8 
  8 
 11 
 11 
  9 
 11 
  9 
