  836 
 2147 
 1870 
 2551 
 3626 
 4839 
 4989 
 8318 
 3342 
 1319 
   12 
   15 
  256 
  702 
 1511 
 3280 
 4358 
 2249 
 5469 
 5700 
 1060 
 1079 
  197 
   32 
   50 
  232 
  783 
  827 
 1886 
 3349 
 3812 
  817 
   62 
   85 
  276 
   52 
  230 
  294 
  694 
  138 
 2094 
 3953 
 1789 
  220 
  448 
   31 
   63 
  140 
  294 
  230 
  393 
 1342 
 1848 
 3094 
 4042 
 1207 
  697 
  301 
  260 
  127 
  302 
  280 
  162 
  224 
  658 
  603 
 1080 
 1127 
  735 
  224 
  140 
  172 
   28 
   54 
   38 
  143 
   98 
  131 
  109 
  109 
   48 
   46 
   28 
   32 
   23 
   36 
   99 
   82 
   70 
   94 
   72 
  107 
   47 
   36 
   25 
   15 
  1700 
  1603 
  3255 
  3946 
  5703 
  4621 
  7112 
  5254 
    21 
   327 
   200 
   244 
    15 
    79 
  1542 
  7899 
  8829 
 11323 
  7008 
  7246 
  5736 
  1009 
   438 
    34 
   212 
   770 
  2021 
   927 
  6584 
  5911 
  3707 
  5342 
  3036 
   374 
    15 
    13 
    23 
   417 
  2155 
  3724 
  7100 
  6716 
  4585 
  3107 
  1160 
   364 
    70 
   142 
   972 
   245 
   603 
  2366 
  2898 
  3537 
  4197 
  1381 
   293 
   166 
    42 
    59 
    19 
  1001 
   890 
  1288 
   623 
  2335 
  2315 
  2613 
   478 
   244 
    30 
    64 
   974 
   106 
  1554 
  2628 
    16 
    15 
  2126 
  2024 
  1365 
   329 
   158 
   102 
   938 
   542 
   552 
    15 
    15 
    12 
  1847 
  2188 
   921 
   373 
   196 
    91 
  11 
  11 
  12 
  30 
  19 
  45 
  12 
  12 
  15 
   7 
  12 
  13 
   9 
   9 
  11 
   8 
   9 
   9 
  13 
   9 
   9 
  11 
   9 
 247 
  11 
  11 
   8 
  11 
   9 
   9 
  12 
  11 
  11 
  11 
   8 
  12 
  13 
   9 
   7 
   9 
  12 
  11 
  11 
  13 
   8 
   9 
  12 
   9 
   9 
  12 
  12 
   9 
   7 
   9 
   8 
   9 
  11 
  11 
   9 
  11 
  13 
  11 
   7 
  11 
   8 
  12 
   9 
  11 
   8 
  11 
  11 
  13 
   9 
  12 
   9 
   8 
  12 
   8 
  11 
   7 
  11 
  11 
  11 
  11 
  12 
  11 
   8 
  11 
   9 
  13 
  11 
  12 
  13 
   9 
  11 
  13 
  19 
 425 
 620 
 371 
 519 
 254 
  16 
 123 
 111 
  52 
  56 
  24 
  20 
  17 
  12 
   9 
   9 
  11 
  11 
  13 
  12 
  13 
   9 
  16 
  13 
  13 
   9 
  13 
  15 
  12 
  13 
  12 
  13 
  15 
  16 
  15 
  15 
  16 
  16 
  16 
  12 
  15 
  15 
  16 
  13 
  20 
  17 
  17 
  16 
  12 
  13 
  16 
  13 
  15 
  13 
  17 
  16 
  13 
  13 
  25 
  26 
  15 
  16 
  15 
  12 
   9 
  13 
  11 
  16 
  17 
  36 
  59 
  21 
  11 
  12 
  13 
  12 
  13 
  13 
  19 
  16 
  13 
  13 
  11 
  16 
  12 
  11 
  13 
  15 
  12 
  11 
   9 
  11 
  12 
  16 
  15 
 11 
  9 
  7 
 12 
 41 
 34 
  8 
 13 
 13 
 68 
 20 
 13 
 12 
  7 
 11 
 11 
  8 
 11 
 12 
  9 
  9 
  9 
  9 
 11 
  8 
  9 
 11 
  9 
  9 
  9 
 11 
 11 
 11 
  9 
  9 
  8 
 11 
  8 
 11 
  8 
  8 
 11 
  9 
  9 
  9 
  7 
  7 
 11 
  8 
 11 
 11 
 11 
  9 
  8 
  9 
  8 
 11 
 11 
 11 
 11 
  9 
  9 
  8 
  9 
  9 
  9 
  8 
  7 
  8 
  8 
 11 
  9 
 12 
  9 
  9 
  8 
  9 
  8 
  8 
  9 
 12 
  8 
  8 
  9 
  9 
 11 
  9 
  9 
 12 
  9 
  9 
 11 
 11 
  9 
  9 
 12 
  9 
  9 
  9 
 45 
 37 
 42 
 11 
 11 
 17 
 11 
 11 
 11 
 11 
  9 
  9 
  9 
  7 
  8 
 12 
  9 
  8 
  8 
  9 
 11 
 11 
  9 
 11 
  9 
  9 
  8 
  8 
 11 
  9 
  9 
 13 
  9 
 13 
  8 
  8 
  8 
  8 
  9 
  9 
  9 
  7 
  9 
  9 
 12 
 12 
  9 
  9 
  9 
 11 
  8 
  8 
  9 
  8 
  9 
 11 
  9 
  9 
  7 
  9 
 11 
  9 
  9 
  8 
  9 
 11 
  9 
  8 
 11 
 12 
  9 
  9 
  8 
  9 
  9 
 11 
  8 
 11 
  7 
  9 
  8 
 11 
 11 
  9 
  9 
 12 
  7 
  9 
 11 
  9 
 11 
  9 
  9 
  15 
 183 
  13 
 874 
 295 
  15 
  12 
  23 
  63 
  15 
  19 
 209 
  13 
   9 
  15 
  11 
  15 
  13 
  12 
  15 
  12 
  15 
  15 
  25 
  13 
  13 
  15 
  15 
  15 
  13 
  19 
  15 
  17 
  16 
  16 
  13 
  13 
  17 
  16 
  12 
  12 
  13 
   9 
  13 
  13 
  13 
  12 
  15 
  15 
  12 
  13 
  19 
  15 
  15 
  12 
  12 
  13 
  21 
  13 
  12 
  12 
  12 
  17 
  11 
   9 
  12 
  16 
  13 
  12 
  13 
  13 
  15 
  13 
  13 
  12 
  12 
  13 
  12 
  11 
  13 
  11 
  11 
  13 
  12 
  17 
  12 
  16 
  13 
  12 
  12 
  11 
  13 
  15 
  11 
  13 
  15 
 11 
 12 
  9 
  8 
 32 
 34 
 12 
 11 
 54 
 12 
 11 
 13 
 13 
 11 
 11 
  9 
  8 
 11 
  9 
  8 
 11 
 11 
 11 
 12 
 12 
 12 
  9 
 11 
  8 
 11 
  8 
  9 
  8 
 11 
 11 
  9 
 16 
  9 
 12 
  8 
  7 
 12 
 11 
  9 
  9 
  8 
  7 
  9 
 13 
 11 
  8 
 11 
  8 
  9 
  9 
 11 
  9 
 11 
  8 
 15 
 11 
  9 
  9 
 12 
 11 
  9 
 11 
  7 
  9 
  9 
 11 
  9 
 12 
 17 
 11 
 25 
 12 
  9 
  7 
  9 
 11 
 11 
  8 
 11 
 11 
  9 
 11 
  8 
  8 
 11 
 13 
 11 
  9 
  9 
  9 
 12 
