   282 
  2043 
  2277 
  3634 
  5595 
  4587 
  6073 
 10322 
  3659 
  1051 
    28 
    20 
   283 
  3575 
  5087 
  9281 
 10865 
  5496 
 14807 
 18187 
  3914 
  3782 
  1007 
    67 
    87 
   115 
   559 
   525 
   990 
  2076 
  2500 
   793 
    43 
    34 
    75 
    74 
   208 
   686 
  2445 
   535 
  4980 
 11115 
  6285 
  1951 
   934 
    63 
    58 
    78 
   130 
   788 
   960 
  3261 
  3811 
 12440 
 12063 
  5923 
  2080 
   447 
   117 
    64 
   113 
   164 
   307 
   464 
  1190 
  1342 
  2229 
  2088 
  3493 
   621 
   180 
   130 
    42 
    74 
    56 
   466 
   335 
   383 
   403 
   373 
   113 
    62 
    34 
    31 
    25 
    53 
   114 
   144 
   125 
   148 
    94 
   123 
    43 
    25 
    20 
    15 
  2249 
   892 
  2240 
  3161 
  5329 
  4642 
  3677 
  4021 
    50 
   161 
    90 
    58 
  7094 
 15568 
  2852 
 16519 
 22354 
 29182 
 32209 
 20953 
 16011 
  3668 
  2990 
   157 
   484 
  1580 
  4370 
   493 
 19229 
 14925 
 12158 
 16808 
  7552 
   907 
    15 
    16 
  4409 
  1145 
  6891 
 10142 
 22046 
 17091 
 14421 
  9294 
  2911 
   655 
   127 
    75 
   691 
   572 
  1307 
 12779 
 12557 
 12109 
 17049 
  7145 
   999 
   280 
    89 
    51 
  2798 
  1881 
  2137 
  4187 
  1412 
  7943 
 11622 
  8870 
  1239 
    66 
    71 
    42 
   923 
   289 
  4611 
  8336 
    15 
    19 
  6533 
  6567 
  3920 
   837 
   176 
    62 
  1469 
   797 
   845 
    16 
    12 
    15 
  6000 
  5311 
  1769 
   850 
   264 
   123 
  13 
  12 
  11 
  19 
  13 
  34 
  11 
  20 
  15 
  12 
  12 
  11 
  13 
  12 
  11 
   9 
  12 
   9 
   8 
  12 
  11 
  11 
  11 
 244 
  12 
  11 
  11 
   8 
   7 
   7 
  11 
   9 
   8 
  11 
   9 
   9 
  11 
  11 
  11 
  12 
  11 
   8 
  13 
   8 
  11 
   9 
   9 
  12 
  11 
  11 
  11 
  11 
  11 
  11 
  15 
  13 
  11 
   9 
  11 
   9 
  13 
   9 
  11 
   9 
   8 
  11 
  11 
   9 
  12 
  11 
   9 
  11 
   9 
   9 
  11 
  11 
  16 
   9 
   7 
   9 
   7 
   7 
   9 
  12 
  11 
  12 
  11 
  11 
  11 
  11 
  12 
  11 
  13 
  11 
   9 
  12 
  24 
 325 
  72 
 189 
 242 
 203 
  12 
 119 
  44 
 133 
  40 
  27 
  23 
  19 
  12 
  11 
  12 
  12 
  13 
  15 
   8 
  13 
  12 
  16 
  15 
  16 
  17 
  13 
  12 
  13 
  16 
  13 
  15 
  19 
  20 
  17 
  15 
  21 
  15 
  20 
  15 
  16 
  15 
  15 
  20 
  20 
  21 
  21 
  20 
  12 
  15 
  17 
  13 
  16 
  13 
  20 
  17 
  19 
  15 
  35 
  33 
  19 
  21 
  17 
  16 
  13 
   7 
  16 
  12 
  20 
  58 
  93 
  28 
  12 
  12 
  16 
  17 
  15 
  16 
  15 
  13 
  17 
  20 
  15 
  20 
  13 
  13 
  12 
  12 
  13 
  11 
  13 
  12 
   9 
  19 
  19 
  11 
  11 
   9 
  15 
  15 
  28 
   9 
  15 
  15 
 172 
  31 
  11 
  15 
   9 
   9 
   9 
   7 
   9 
  11 
   9 
   9 
  11 
  13 
  11 
  11 
   9 
  12 
   8 
   9 
   8 
   9 
   8 
  11 
   8 
  11 
   9 
   9 
   8 
   9 
  11 
  11 
   9 
   8 
   8 
  12 
  11 
   9 
  12 
   9 
  12 
   8 
  12 
   9 
   9 
   8 
   9 
   9 
   8 
  12 
   9 
  11 
  11 
   8 
   8 
   9 
  11 
   9 
   8 
  11 
   8 
   8 
  12 
   9 
   9 
  11 
   9 
   9 
  12 
   9 
   9 
   9 
  11 
   9 
  12 
  11 
  13 
   8 
  12 
   9 
  13 
  11 
  11 
  15 
   9 
   8 
  11 
  9 
  9 
 11 
 25 
 16 
 21 
  9 
 13 
 19 
 11 
 12 
 12 
 13 
 12 
 12 
  8 
 11 
  9 
 11 
  8 
 12 
 11 
  9 
 11 
 12 
 11 
  8 
  8 
  9 
  8 
 11 
 11 
  9 
  9 
  7 
 11 
 11 
  9 
  9 
  8 
  7 
  8 
  9 
  9 
 12 
  9 
 11 
 12 
 11 
  9 
  9 
  9 
  8 
  7 
  9 
  7 
  9 
  9 
  9 
 13 
  9 
  8 
 11 
  8 
  9 
  8 
  9 
  8 
  8 
 11 
  9 
  8 
 11 
 11 
  8 
  8 
 11 
  9 
 12 
  9 
  8 
  9 
 11 
  9 
 11 
  9 
  9 
  9 
  8 
  9 
  9 
 11 
  9 
 11 
  8 
  9 
   13 
   15 
   17 
 1082 
  409 
   13 
   16 
   27 
   38 
   21 
   54 
  145 
   12 
   12 
   17 
   16 
   13 
   17 
   15 
   15 
   15 
   15 
   13 
   16 
   13 
   11 
   21 
   16 
   13 
   16 
   19 
   15 
   17 
   12 
   15 
   11 
   15 
   19 
   17 
   12 
   16 
   15 
   13 
   13 
   13 
   13 
   12 
   13 
    9 
   17 
   15 
   19 
   12 
   15 
   16 
   15 
   13 
   23 
   16 
   12 
   12 
   15 
   17 
   13 
   13 
   11 
   12 
   13 
   15 
   13 
   13 
   15 
   11 
   11 
   11 
   19 
   13 
   16 
   12 
    9 
   13 
   13 
   12 
   13 
   13 
   12 
   16 
   15 
   12 
   11 
   12 
   13 
   12 
   11 
   15 
   13 
 11 
 12 
 11 
  9 
 34 
 25 
 16 
 11 
 35 
 15 
 12 
  9 
 13 
 11 
 11 
  8 
  9 
 12 
 11 
  9 
 12 
  8 
  9 
 16 
 15 
  8 
  9 
 11 
  9 
 11 
  9 
  9 
  9 
  8 
 11 
 11 
 12 
 12 
  9 
  9 
  9 
  8 
 13 
  8 
  8 
 12 
  7 
  9 
 13 
  9 
 11 
  9 
  9 
 11 
  9 
 11 
  8 
 11 
  7 
 12 
 12 
 11 
  9 
  9 
 11 
 11 
 11 
  9 
 11 
  9 
 11 
 12 
 16 
 15 
 11 
 24 
  7 
  8 
  8 
 11 
  9 
  8 
 12 
 11 
  9 
 11 
  9 
 11 
  8 
  7 
 12 
 12 
 11 
 11 
  9 
 12 
