   582 
  5304 
  7422 
  7163 
 11569 
 10163 
 13326 
 25383 
  9187 
  2261 
    35 
    27 
   302 
  3166 
  5486 
 10505 
 11749 
  7394 
 15952 
 26066 
  5623 
  3731 
  1173 
   238 
   135 
   330 
  1619 
  1464 
  3669 
  6050 
  7387 
  6097 
   119 
    60 
   119 
    50 
   250 
   715 
  3375 
  1580 
  6906 
 12924 
 11820 
  6743 
  1743 
   127 
    64 
    50 
   122 
  1187 
  1147 
  5994 
  5908 
 16605 
 17677 
 17173 
  1941 
   428 
    98 
    59 
   109 
   175 
   383 
   629 
  2129 
  1586 
  3979 
  3587 
  4896 
   782 
   173 
    71 
    36 
    50 
    49 
   568 
   534 
   486 
   522 
   517 
   142 
    48 
    38 
    35 
    44 
    66 
   188 
   221 
   179 
   233 
   158 
   149 
    54 
    35 
    31 
    16 
  6347 
  1379 
  6037 
  7949 
 13414 
 11643 
  9820 
 12072 
    52 
   325 
   330 
   166 
  4916 
 12231 
  4112 
 17683 
 22285 
 30455 
 45294 
 24132 
 19985 
  4120 
  7975 
   825 
   580 
  1631 
  7483 
   888 
 25756 
 20770 
 18717 
 28189 
 13695 
   788 
    15 
    16 
  3177 
  2286 
 13228 
 18646 
 29533 
 22897 
 26606 
 21624 
  4587 
   546 
   125 
    55 
   764 
   827 
  2555 
 25580 
 28799 
 20623 
 30975 
 20452 
  1942 
   246 
   121 
    52 
  1399 
  1931 
  3203 
 11325 
  3183 
 13382 
 21138 
 16159 
  1495 
   671 
   117 
    43 
  1107 
   616 
  8160 
 14773 
    23 
    20 
 11302 
 12991 
  5731 
   956 
   256 
    66 
  1980 
   768 
  1035 
    13 
     9 
    16 
  8615 
  7372 
  1876 
   824 
   290 
   150 
  11 
  13 
   8 
  12 
  15 
  44 
  11 
  38 
  27 
  12 
  15 
  12 
  11 
   8 
  13 
  11 
  12 
  11 
  11 
  12 
  15 
  12 
  11 
 170 
   8 
  11 
  13 
   9 
   9 
  11 
  11 
  11 
  11 
  12 
  12 
  11 
  15 
  12 
  13 
  11 
   8 
   9 
   8 
   9 
   9 
   9 
  15 
  12 
  11 
  12 
  11 
  11 
   9 
  11 
  11 
  11 
   9 
   9 
  11 
  13 
  11 
  11 
  11 
  11 
  12 
  11 
  11 
  16 
   7 
   9 
  11 
  11 
   9 
  12 
   8 
   8 
  11 
   8 
  12 
   9 
   8 
  11 
  12 
  15 
  13 
  12 
   7 
  12 
  12 
  12 
  12 
  12 
  11 
  12 
  11 
  12 
  21 
 438 
  25 
 240 
 227 
 227 
  15 
  60 
  15 
  54 
  28 
  27 
  24 
  20 
  16 
  12 
  12 
  15 
  11 
  15 
  15 
  15 
  13 
  20 
  19 
  19 
  15 
  19 
  15 
  12 
  16 
  15 
  16 
  21 
  15 
  16 
  15 
  26 
  16 
  19 
  17 
  20 
  15 
  15 
  20 
  13 
  21 
  20 
  17 
  16 
  16 
  21 
  13 
   9 
  15 
  25 
  12 
  15 
  16 
  38 
  30 
  19 
  17 
  16 
  15 
  17 
  11 
  15 
  23 
  19 
  58 
  97 
  37 
  13 
  13 
  16 
  13 
  17 
  16 
  16 
  15 
  15 
  20 
  15 
  28 
  11 
  13 
  13 
  16 
  15 
  11 
  13 
  13 
  11 
  25 
  21 
  15 
  11 
   8 
  12 
  24 
  38 
   7 
  12 
  12 
 110 
  13 
  12 
  12 
  13 
   8 
  11 
   9 
   9 
  11 
   9 
  11 
   9 
   9 
  11 
  11 
   8 
  11 
  11 
   9 
   8 
  11 
  11 
   9 
  12 
  12 
  11 
  11 
   8 
  11 
   7 
   9 
   9 
   9 
   9 
   9 
   9 
  13 
  11 
   8 
  12 
  11 
   9 
  11 
   9 
   7 
   8 
   8 
   9 
  11 
   9 
  11 
  11 
  11 
   9 
   9 
   9 
   8 
  11 
  12 
   9 
  12 
  11 
  12 
  11 
   9 
  11 
   9 
   9 
   9 
   8 
   8 
   9 
   9 
  13 
   9 
  13 
  11 
  11 
   9 
   9 
  11 
   8 
   9 
   9 
   9 
  13 
 12 
 11 
 13 
 53 
 19 
 30 
 11 
 12 
 11 
  9 
 11 
 12 
 11 
 11 
 12 
  9 
 11 
  9 
 11 
 11 
 11 
 12 
 12 
  9 
 12 
 11 
  9 
 11 
 11 
  9 
  9 
 11 
 12 
  8 
 11 
 11 
  9 
 11 
  8 
  9 
 11 
 11 
 11 
  9 
  7 
  9 
  9 
  9 
 11 
  9 
 11 
 11 
  8 
  9 
  9 
  7 
 11 
  8 
  9 
 12 
  9 
 12 
 11 
 11 
  8 
 11 
  9 
 11 
 12 
 11 
 11 
  9 
  8 
 12 
  9 
  9 
  7 
  8 
  8 
  9 
  9 
  8 
 11 
  9 
 11 
 11 
  8 
 12 
 11 
 11 
 13 
  9 
  9 
 11 
 12 
  9 
  16 
  17 
  19 
 494 
  62 
  17 
  15 
  16 
  34 
  21 
  20 
  30 
  15 
  11 
  13 
  13 
  13 
  15 
  16 
  19 
  17 
  17 
  15 
  16 
  13 
  15 
  19 
  16 
  13 
  15 
  20 
  12 
  17 
  15 
  15 
  11 
  16 
  16 
  16 
  12 
  12 
  15 
  11 
  13 
  15 
  16 
  15 
  13 
  12 
  19 
  17 
  20 
  13 
  16 
  13 
  12 
  16 
  27 
  16 
  12 
  13 
  15 
  19 
  15 
  12 
  16 
  12 
  12 
  12 
  12 
  16 
  15 
  15 
  12 
  15 
  12 
  12 
  15 
  11 
  13 
  13 
  13 
  15 
  13 
  12 
  13 
  16 
  16 
  11 
  15 
  15 
  11 
  15 
  11 
  13 
  16 
 11 
 11 
 11 
 13 
 20 
 28 
 11 
 13 
 44 
  8 
 12 
 13 
 13 
 13 
 11 
  9 
 11 
 12 
  9 
  9 
 11 
 12 
  8 
  8 
  9 
  9 
  9 
  9 
  8 
  9 
 11 
  9 
  9 
  9 
 11 
 11 
 15 
  9 
  9 
  9 
 11 
  9 
 11 
  9 
  8 
 11 
 11 
 12 
 12 
  8 
 15 
  8 
  9 
  9 
 11 
 13 
  9 
  9 
  9 
 11 
 15 
 11 
 12 
 12 
 13 
 11 
  9 
 11 
 11 
 12 
 11 
 11 
 17 
 17 
  9 
 20 
 11 
  9 
 12 
 12 
 11 
  7 
  8 
  8 
 11 
 11 
  9 
 13 
  8 
  9 
  9 
  9 
  8 
  9 
  8 
 11 
