   502 
  1396 
  1493 
  2032 
  3087 
  3797 
  3714 
  5795 
  2108 
   627 
    30 
    32 
   321 
  2151 
  4206 
  7149 
  8703 
  4393 
 11753 
 12852 
  2414 
  3002 
   544 
    34 
    34 
    95 
   456 
   393 
   909 
  1604 
  2059 
   384 
    30 
    31 
    91 
    78 
   234 
   550 
  1859 
   269 
  3481 
  7834 
  3789 
   589 
   683 
    47 
    47 
   144 
   174 
   514 
   812 
  2162 
  2939 
  7796 
  7918 
  2818 
  1506 
   435 
   177 
    70 
   167 
   217 
   224 
   375 
   978 
  1134 
  1757 
  1922 
  2013 
   416 
   173 
   181 
    40 
    83 
    49 
   278 
   192 
   229 
   227 
   199 
    64 
    48 
    34 
    31 
    23 
    45 
   114 
   126 
    85 
   126 
    87 
   134 
    44 
    36 
    20 
    15 
  1420 
   852 
  1745 
  2233 
  2979 
  2745 
  2895 
  2596 
    35 
   154 
    86 
   109 
  5557 
 12767 
  2296 
 14803 
 17395 
 22456 
 18825 
 15590 
 11955 
  2365 
   910 
    63 
   375 
  1616 
  2905 
   489 
 13646 
 10545 
  7937 
 10382 
  4946 
   753 
    12 
    16 
  1514 
   909 
  4356 
  6458 
 15172 
 12238 
  8820 
  5394 
  1976 
   624 
    85 
    79 
   816 
   468 
  1043 
  6725 
  6370 
  7356 
  9989 
  3263 
   580 
   305 
    64 
    48 
  2861 
  1759 
  1779 
  2489 
   907 
  5033 
  6319 
  5801 
  1084 
   234 
    36 
    44 
  1062 
   168 
  3041 
  5099 
    15 
    12 
  4469 
  4083 
  2829 
   686 
   157 
    60 
  1086 
   771 
   919 
    15 
    12 
    13 
  4104 
  3563 
  1731 
   796 
   260 
    98 
  11 
   8 
  11 
  15 
  17 
  48 
  13 
  39 
  16 
  12 
  12 
  13 
  12 
  12 
   9 
   8 
  12 
  11 
  11 
   9 
  11 
   9 
   9 
 146 
   9 
  11 
   9 
  15 
   9 
   8 
  12 
  11 
  11 
   9 
  11 
  12 
  13 
   9 
  12 
  12 
   8 
   8 
   9 
  12 
   8 
   9 
   8 
  11 
  11 
  12 
   8 
   9 
  11 
   9 
   9 
  11 
  13 
   8 
   9 
  13 
   7 
  11 
   9 
  12 
  11 
  12 
  11 
  13 
  12 
   9 
  11 
  13 
  15 
  11 
   9 
  16 
  11 
  11 
   9 
  11 
   9 
  12 
   9 
  13 
  13 
   9 
  13 
  11 
  11 
   9 
  11 
  13 
  12 
  11 
  11 
   9 
  20 
 527 
 160 
 326 
 499 
 262 
  17 
  46 
 110 
 185 
  44 
  31 
  24 
  20 
  11 
  13 
  12 
   8 
  12 
  13 
   8 
  13 
  11 
  15 
  16 
  17 
  17 
  19 
  13 
  12 
  17 
  12 
  15 
  17 
  15 
  15 
  19 
  19 
  15 
  21 
  15 
  19 
  12 
  15 
  15 
  20 
  20 
  13 
  19 
  11 
  16 
  15 
  13 
  13 
  16 
  21 
  13 
  19 
  13 
  27 
  30 
  17 
  13 
  17 
  12 
  12 
  11 
  11 
  19 
  16 
  42 
  67 
  29 
  13 
  12 
  12 
  13 
  13 
  13 
  16 
  13 
  15 
  19 
  16 
  16 
  13 
  11 
   9 
  15 
  15 
  12 
  12 
  13 
   9 
  15 
  17 
 13 
  9 
 12 
 11 
 30 
 38 
 12 
 17 
 16 
 90 
 36 
 11 
 11 
  9 
  9 
 11 
 11 
 13 
  9 
  8 
  9 
 13 
 11 
  8 
  9 
 12 
 11 
  9 
 11 
  9 
  8 
 11 
  8 
  8 
 11 
  9 
 11 
  8 
 12 
 11 
  9 
  9 
  9 
 11 
  9 
 11 
 11 
  9 
 12 
  9 
 12 
  8 
 11 
  8 
 11 
  8 
 11 
  9 
  9 
 13 
  8 
 11 
 11 
  9 
  8 
  8 
  8 
  9 
 12 
 12 
 11 
  8 
  9 
  9 
  9 
  8 
 12 
 11 
  9 
 11 
  9 
  9 
  9 
 11 
 12 
  9 
 12 
 11 
 11 
 11 
 11 
  9 
  9 
 13 
  9 
 13 
 12 
  8 
 13 
 29 
 17 
 49 
 11 
 13 
 16 
  9 
 11 
 11 
 11 
 12 
  8 
 11 
  8 
  9 
 12 
 11 
  9 
 12 
 11 
 12 
  8 
  8 
  9 
  8 
 11 
 11 
  8 
  9 
  9 
  7 
  8 
  9 
  9 
  9 
  8 
  8 
 12 
  9 
  9 
  8 
  9 
  9 
  9 
 11 
 11 
  7 
  9 
  8 
  9 
  8 
  9 
 11 
 11 
  8 
 12 
  9 
  8 
  9 
 11 
  9 
 12 
  8 
  9 
  9 
  9 
  9 
 11 
  9 
 11 
  8 
 11 
  9 
  9 
 11 
 11 
  9 
 11 
  8 
  7 
  8 
  9 
 11 
 11 
  8 
  9 
  9 
  8 
  9 
 11 
  8 
 11 
 12 
  13 
  12 
  13 
 852 
 417 
 110 
  12 
  19 
  62 
  15 
  12 
  78 
  13 
  12 
  15 
  13 
  15 
  15 
  17 
  15 
  15 
  13 
  13 
  19 
  13 
  12 
  15 
  15 
  12 
  15 
  20 
  13 
  15 
  17 
  13 
  12 
  15 
  13 
  12 
  16 
  13 
  15 
  15 
  19 
  12 
  15 
  12 
  12 
  12 
  15 
  15 
  16 
  11 
  13 
  13 
  17 
  11 
  21 
  13 
  13 
  12 
  13 
  17 
  12 
  12 
  15 
  12 
  15 
  13 
  12 
  13 
  15 
  11 
  13 
  13 
  15 
  12 
  12 
  11 
  12 
  13 
  15 
  12 
  13 
  13 
  11 
  15 
  15 
  11 
  17 
  12 
  12 
  13 
  12 
  13 
  13 
 12 
 12 
 11 
 12 
 26 
 26 
 11 
 11 
 40 
 12 
 13 
 11 
 13 
 11 
 12 
 12 
  9 
  8 
  9 
 11 
  8 
 12 
 11 
 12 
 13 
  9 
 12 
  9 
 11 
  9 
 12 
  8 
 11 
  8 
 11 
  9 
 13 
 12 
  9 
  9 
  9 
  9 
  9 
  8 
  8 
  9 
  8 
 11 
 11 
 11 
  9 
  9 
  8 
  8 
  9 
 11 
 11 
 11 
  7 
  9 
  9 
 12 
  9 
 11 
 12 
  7 
  9 
  7 
  9 
  8 
 11 
  9 
 15 
 16 
 15 
 21 
 11 
 11 
 12 
 11 
 11 
 11 
  7 
 12 
 13 
  9 
  9 
  8 
 11 
  8 
 11 
 13 
 11 
  9 
 11 
 11 
