   376 
  1056 
  1031 
  2325 
  3463 
  3136 
  3610 
  6516 
  2224 
   502 
    31 
    59 
   433 
  1655 
  3597 
  6472 
  8543 
  4401 
  9660 
 11588 
  2091 
  2449 
   400 
    35 
    41 
   172 
   384 
   338 
   756 
  1718 
  1958 
   282 
    38 
    50 
   110 
    76 
   278 
   623 
  1664 
   347 
  4032 
  8860 
  3944 
   566 
   945 
    66 
    66 
   122 
   262 
   482 
   946 
  2709 
  3302 
  7612 
  6995 
  2719 
  1499 
   529 
   215 
    66 
   282 
   383 
   319 
   493 
  1205 
  1272 
  2122 
  2539 
  1549 
   373 
   166 
   113 
    29 
    73 
    46 
   176 
   126 
   143 
   145 
   133 
    51 
    54 
    30 
    25 
    19 
    37 
    89 
    87 
    58 
    82 
    60 
   111 
    39 
    31 
    21 
    16 
  1318 
   723 
  1639 
  2301 
  3786 
  3121 
  3252 
  2626 
    40 
   160 
    79 
    76 
   229 
  2390 
  3000 
 12489 
 11645 
 16771 
 13797 
 12361 
  9856 
  1856 
   832 
    72 
   407 
  1808 
  3334 
   461 
 13015 
 11037 
  6855 
 10768 
  5300 
   836 
    16 
    16 
    26 
   941 
  4333 
  6688 
 14614 
 12136 
  8697 
  5568 
  1986 
   788 
    97 
    97 
  1053 
   514 
  1265 
  5460 
  5145 
  6695 
  7768 
  2864 
   599 
   362 
    63 
    59 
    53 
  1754 
  1941 
  2531 
   988 
  4561 
  4697 
  4876 
   956 
   404 
    39 
    46 
  1256 
   179 
  2966 
  4593 
    15 
    17 
  3927 
  3688 
  2502 
   656 
   193 
    64 
  1152 
   895 
   889 
    13 
    12 
    16 
  3538 
  3597 
  1664 
   695 
   285 
    97 
   9 
  11 
  12 
  17 
  12 
  46 
  11 
  16 
  16 
   8 
  11 
  12 
  17 
  12 
  12 
  13 
   9 
   9 
   9 
   9 
  12 
  12 
  11 
 243 
  13 
  11 
   9 
   9 
   9 
  12 
   9 
   8 
  11 
   8 
  11 
  12 
  11 
   9 
   9 
  11 
   8 
   9 
   9 
   8 
  13 
  12 
  11 
  13 
  12 
   9 
   9 
   9 
  13 
   8 
  11 
   9 
  11 
   9 
   9 
  13 
  12 
  12 
  11 
  12 
  11 
   9 
   8 
  13 
  13 
  11 
  11 
  15 
  15 
   9 
   9 
  11 
   9 
  11 
  11 
  11 
   9 
  11 
   8 
   9 
  12 
  12 
  11 
  11 
  12 
  11 
  11 
  12 
  11 
  12 
  12 
  11 
  20 
 358 
 547 
 301 
 331 
 325 
  16 
 107 
  95 
  71 
 164 
  25 
  20 
  16 
  13 
  11 
  12 
   9 
  12 
  12 
  11 
  13 
  11 
  17 
  15 
  13 
  13 
  20 
   9 
  15 
  16 
  12 
  13 
  17 
  13 
  15 
  19 
  16 
  15 
  20 
  16 
  17 
  12 
  13 
  16 
  16 
  20 
  16 
  16 
  12 
  15 
  13 
  13 
  12 
  12 
  24 
  19 
  15 
  15 
  24 
  32 
  16 
  15 
  12 
  12 
  12 
  13 
  16 
  19 
  20 
  47 
  68 
  24 
  15 
  15 
  16 
  12 
  16 
  12 
  16 
  13 
  12 
  16 
  15 
  19 
  11 
  12 
  13 
  13 
  12 
  11 
  13 
  11 
  12 
  17 
  13 
  9 
 12 
 12 
 19 
 32 
 25 
 11 
 24 
 23 
 75 
 24 
  9 
  9 
 11 
  9 
  9 
  9 
  9 
  8 
  8 
  9 
  8 
 11 
 11 
 11 
  9 
 12 
 11 
  9 
  7 
  9 
  9 
  9 
 11 
 11 
 11 
 13 
  9 
  8 
  9 
 11 
  9 
 11 
  8 
  9 
 12 
 11 
  8 
 11 
  8 
  9 
 13 
 11 
 12 
 12 
  8 
  8 
  9 
 11 
 12 
  9 
 13 
  8 
 13 
  8 
  8 
  7 
  8 
  9 
 11 
  9 
  9 
  9 
 11 
  9 
  9 
  8 
  9 
  8 
 11 
  9 
  9 
 11 
 11 
  8 
  9 
  9 
 12 
 11 
 11 
 12 
  9 
 11 
  9 
 11 
  9 
 11 
  8 
 11 
 52 
 24 
 46 
 11 
 13 
 12 
  9 
  9 
 13 
 12 
 11 
  9 
 11 
 12 
  9 
 11 
 11 
 11 
 13 
  9 
  9 
 11 
  8 
 11 
 11 
 12 
  9 
 11 
 11 
  9 
 11 
  9 
 11 
 11 
  9 
 11 
  8 
  8 
 12 
 11 
 12 
  7 
  8 
  9 
  9 
 11 
 12 
  9 
  8 
  8 
  7 
  7 
 11 
 12 
  8 
  8 
  9 
 11 
 11 
 11 
  8 
  9 
  9 
 11 
  8 
  9 
 12 
  9 
 11 
 11 
 11 
  8 
 13 
  9 
 11 
  7 
  9 
  9 
  9 
  9 
 11 
  9 
  9 
 11 
  8 
  9 
 12 
  8 
 12 
  9 
  9 
  9 
 11 
  16 
  16 
  13 
 854 
 215 
  13 
  11 
  19 
  43 
  12 
  24 
  27 
  11 
  12 
  15 
  13 
  13 
  15 
  16 
  12 
  16 
  16 
  15 
  16 
   9 
  12 
  13 
  13 
  13 
  12 
  21 
  15 
  13 
  12 
  13 
  16 
  12 
  13 
  16 
  13 
  11 
  12 
  15 
  12 
  15 
   9 
  15 
  15 
   9 
  15 
   9 
  16 
  13 
  15 
  15 
  12 
  15 
  20 
  12 
  12 
  12 
  11 
  17 
  11 
  13 
  11 
  13 
  11 
  11 
  15 
  13 
  15 
  11 
  13 
  13 
  16 
  12 
  11 
  15 
  12 
  12 
  15 
  15 
   9 
  12 
  12 
  15 
  13 
  12 
  11 
  12 
  12 
  16 
  13 
  13 
  19 
 11 
  9 
 11 
 11 
 23 
 26 
  8 
  9 
 40 
 11 
  9 
 11 
 12 
 11 
  9 
 11 
  8 
  8 
 13 
  9 
 11 
 11 
 11 
 11 
 13 
 11 
  9 
  8 
  9 
  8 
  8 
  8 
  9 
  8 
  8 
  9 
 11 
  9 
  7 
  9 
  7 
 11 
 12 
  9 
  8 
  7 
 11 
 11 
 12 
  9 
  8 
  9 
  9 
  9 
  9 
  9 
  9 
 13 
  9 
  9 
 11 
  8 
  9 
  9 
  9 
 11 
 11 
 11 
 11 
  9 
  9 
  9 
 13 
 19 
 11 
 24 
  7 
 11 
  8 
 11 
  9 
  9 
  9 
 11 
 12 
  9 
  9 
  9 
  9 
  9 
 12 
  7 
  9 
 11 
 12 
 12 
