   632 
  2134 
  2192 
  3753 
  5329 
  5082 
  6332 
 12259 
  4268 
  1322 
    32 
    20 
   236 
  1417 
  2909 
  5349 
  7073 
  3815 
  5448 
  8812 
  1713 
  1778 
   306 
    30 
    58 
   330 
   945 
   865 
  2105 
  3718 
  4786 
   796 
    72 
    83 
   231 
   109 
   134 
   452 
  1543 
   317 
  4439 
  8418 
  3351 
   827 
   918 
    50 
    43 
    97 
   151 
   466 
   738 
  2406 
  3838 
  6002 
  4504 
  2032 
  1350 
   293 
   111 
    68 
   168 
   208 
   250 
   432 
  1396 
  1057 
  2475 
  2261 
  1653 
   293 
   114 
   152 
    28 
    72 
    45 
   187 
   127 
   150 
   154 
   142 
    60 
    56 
    32 
    28 
    20 
    46 
   118 
   125 
    77 
   122 
    83 
   129 
    47 
    46 
    27 
    17 
  2665 
  1576 
  3675 
  4458 
  7830 
  5911 
  6905 
  5909 
    23 
   247 
   183 
   152 
  1130 
  4067 
  2256 
  7192 
  7287 
  7397 
  7415 
  6690 
  6227 
  1372 
  1182 
    67 
   245 
  1461 
  3461 
  1049 
 10205 
 10227 
  5729 
 10306 
  5378 
   674 
    13 
    15 
    17 
   686 
  4246 
  6548 
 11563 
 10444 
  8069 
  5499 
  1966 
   658 
    64 
    56 
   686 
   356 
   947 
  3680 
  4138 
  5784 
  5500 
  2652 
   423 
   243 
    38 
    32 
  1035 
  1191 
  1511 
  2048 
   994 
  3873 
  3240 
  3279 
   823 
   203 
    28 
    32 
   835 
   121 
  2371 
  4434 
    12 
    12 
  2963 
  2928 
  2193 
   425 
    91 
    42 
   857 
   586 
   698 
    12 
    15 
    12 
  2644 
  2675 
  1185 
   455 
   149 
    59 
  11 
  11 
  15 
  20 
  19 
  52 
   9 
  16 
  17 
  11 
  11 
  12 
  13 
  11 
  11 
  11 
   8 
   5 
  11 
  11 
   8 
  12 
  13 
 234 
   9 
  12 
   9 
   9 
   9 
  11 
  11 
  12 
  11 
   9 
  11 
  12 
  13 
  11 
   9 
  11 
   9 
  11 
   9 
   9 
   9 
  12 
  11 
  11 
  12 
   9 
   9 
  12 
   9 
   8 
   9 
  11 
  11 
  12 
  13 
  13 
  12 
  11 
  11 
  11 
   9 
   8 
  11 
  11 
   9 
  12 
  11 
  12 
  12 
   9 
   9 
  11 
   8 
   9 
   9 
  11 
  12 
   8 
  12 
  13 
  11 
  12 
  12 
  12 
  12 
  12 
  12 
  15 
  13 
   8 
  12 
  11 
  21 
 737 
 582 
 393 
 404 
 346 
  13 
  75 
  59 
  85 
 103 
  25 
  25 
  16 
  15 
  11 
  13 
  11 
  11 
  11 
  13 
  13 
   9 
  13 
  13 
  16 
  17 
  16 
  15 
  16 
  16 
  13 
  12 
  23 
  15 
  16 
  20 
  24 
  15 
  20 
  15 
  19 
  13 
  17 
  17 
  17 
  19 
  20 
  19 
  17 
  11 
  19 
  13 
  13 
  12 
  23 
  17 
  15 
  16 
  31 
  34 
  15 
  16 
  19 
  11 
  12 
  15 
  13 
  15 
  16 
  48 
  79 
  26 
  15 
  13 
  15 
  16 
  12 
  15 
  19 
  16 
  16 
  15 
  12 
  20 
  11 
  11 
  13 
  16 
  13 
  11 
  12 
  12 
  13 
  15 
  16 
 11 
 11 
  9 
 11 
 37 
 32 
 12 
 20 
 24 
 95 
 16 
 11 
 15 
  9 
 11 
 11 
  7 
  9 
 11 
 12 
  9 
  8 
 12 
  8 
  9 
  9 
 12 
  8 
  9 
  9 
  9 
  9 
  8 
 11 
  8 
  9 
 11 
 12 
  9 
 11 
  9 
  9 
  9 
  9 
  9 
 11 
  8 
  8 
 12 
  9 
  8 
 11 
 11 
  9 
 11 
  8 
  9 
  9 
 11 
  9 
 13 
 11 
  9 
  9 
  9 
 12 
  9 
 11 
  9 
 11 
 11 
 11 
  8 
  9 
 11 
  8 
  9 
  9 
  9 
  8 
  9 
 11 
  9 
 11 
  7 
  8 
 11 
  9 
 11 
  9 
 11 
 11 
  8 
  9 
 11 
  7 
  9 
 12 
  8 
 40 
 17 
 38 
  8 
  9 
 11 
  9 
 11 
  7 
  9 
  9 
 12 
  9 
  8 
 13 
 11 
  9 
  9 
  9 
 11 
 11 
 11 
 11 
  7 
  8 
 11 
  9 
  9 
 11 
 11 
 12 
  9 
 12 
 11 
  9 
 12 
  9 
  9 
  9 
 12 
  8 
  9 
 11 
 12 
  9 
  9 
  9 
  8 
  9 
 11 
  8 
  9 
  9 
 11 
 11 
  9 
 11 
  7 
  9 
  9 
  9 
  9 
  7 
  8 
 11 
  8 
  8 
 11 
  8 
  7 
  9 
 11 
  8 
  8 
  7 
 11 
  9 
  8 
  9 
  8 
  9 
 11 
 11 
 11 
  9 
 11 
  9 
 11 
  7 
  9 
  9 
 11 
 11 
  16 
 301 
  15 
 376 
 378 
  13 
  13 
  17 
  48 
  16 
  23 
 334 
  13 
  11 
  16 
  16 
  13 
  15 
  15 
  15 
  16 
  16 
  11 
  13 
  15 
  13 
  19 
  13 
  11 
  13 
  19 
  13 
  13 
  15 
  12 
  13 
  15 
  15 
  13 
  15 
  16 
  17 
  15 
  15 
  15 
  13 
  13 
  16 
  11 
  11 
  11 
  16 
  15 
  13 
  12 
  11 
  15 
  19 
  15 
  13 
  13 
  12 
  17 
  13 
  12 
  15 
  16 
  12 
  11 
  16 
  12 
  13 
  17 
  13 
  13 
  13 
  12 
  13 
  11 
  13 
  12 
  11 
  12 
  15 
  12 
  12 
  15 
  15 
  12 
  13 
   9 
  15 
  15 
  13 
  17 
  16 
 13 
 13 
  9 
 11 
 32 
 26 
 12 
 11 
 35 
 11 
  9 
  9 
 13 
 11 
  9 
  8 
  8 
  9 
  9 
  5 
  9 
  9 
 11 
 13 
 13 
  9 
 11 
  9 
  9 
  8 
 11 
 11 
 11 
 11 
 11 
  9 
 11 
 11 
  8 
 11 
  8 
 11 
 13 
  9 
  9 
 12 
  8 
 11 
  9 
  8 
  9 
  9 
  9 
 11 
  8 
 11 
  9 
 12 
 11 
  9 
  9 
 11 
  9 
 11 
  9 
  8 
  8 
 11 
 11 
  8 
  9 
 12 
 13 
 16 
 13 
 25 
  8 
  7 
  9 
 11 
  8 
  9 
  8 
 11 
 13 
  9 
  9 
 11 
  9 
 11 
  9 
  9 
 11 
 11 
 11 
 12 
