  295 
  975 
  840 
 2350 
 3220 
 2612 
 3502 
 6536 
 2243 
  514 
   27 
   39 
  404 
 1007 
 2335 
 5142 
 6976 
 4150 
 6473 
 9074 
 1688 
 1577 
  247 
   28 
   37 
  287 
  419 
  362 
  788 
 1837 
 1947 
  370 
   75 
  101 
  224 
   71 
  245 
  487 
 1196 
  401 
 3337 
 7675 
 3426 
  429 
  749 
   56 
   95 
   72 
  323 
  355 
  710 
 2492 
 2804 
 6170 
 5132 
 2558 
 1039 
  412 
  204 
   64 
  301 
  449 
  342 
  456 
 1156 
 1122 
 1796 
 2222 
  966 
  259 
  129 
  114 
   20 
   61 
   44 
  111 
   77 
   99 
  102 
   95 
   39 
   47 
   30 
   27 
   17 
   28 
   58 
   58 
   46 
   58 
   46 
   85 
   31 
   27 
   19 
   15 
  730 
  600 
 1525 
 3395 
 2865 
   21 
   28 
   17 
 2403 
 8725 
 8283 
 7153 
  330 
 1412 
 3036 
  607 
 4966 
 8659 
 4587 
  644 
   25 
  729 
 3758 
 5741 
 7160 
 5123 
 1725 
  727 
  790 
  450 
 1107 
 3852 
 5642 
 2492 
  544 
  310 
   24 
 1415 
 1531 
 2354 
 3410 
 3852 
  706 
  404 
  462 
  193 
 2590 
 3998 
 3076 
 3098 
 2366 
  456 
 1049 
  759 
  668 
   12 
 2579 
 3240 
 1314 
  495 
