  905 
 2696 
 2627 
 2513 
 3548 
 5801 
 5469 
 8214 
 3691 
 1471 
   39 
   28 
  181 
 1060 
 2182 
 3899 
 4777 
 2422 
 6947 
 7041 
 1284 
 1546 
  274 
   28 
   41 
  211 
  948 
  948 
 2363 
 3642 
 4563 
  931 
   62 
   54 
  207 
   82 
  147 
  301 
  895 
  142 
 2329 
 4122 
 2068 
  404 
  479 
   30 
   35 
  129 
  142 
  283 
  403 
 1215 
 2169 
 3664 
 4536 
 1439 
  847 
  252 
  144 
   90 
  148 
  134 
  126 
  213 
  685 
  669 
 1270 
 1113 
 1135 
  254 
  119 
  213 
   32 
   68 
   45 
  248 
  156 
  181 
  197 
  158 
   52 
   47 
   25 
   35 
   21 
   54 
  135 
  143 
   93 
  154 
   93 
  153 
   51 
   43 
   28 
   19 
  2210 
  1784 
  3744 
  4402 
  5655 
  4811 
  6442 
  5814 
    27 
   342 
   212 
   255 
  3220 
  8249 
  1351 
  9661 
 12373 
 14545 
  9964 
  9073 
  7125 
  1346 
   644 
    34 
   204 
   825 
  1976 
   967 
  7579 
  6540 
  4778 
  6298 
  3292 
   420 
    13 
    16 
   181 
   456 
  2463 
  3956 
  8445 
  7587 
  5409 
  3421 
  1245 
   331 
    52 
    72 
   661 
   238 
   571 
  2963 
  3801 
  4390 
  5705 
  1733 
   282 
   156 
    50 
    38 
  2269 
  1007 
   988 
  1431 
   616 
  2802 
  3155 
  3315 
   623 
   192 
    28 
    43 
   895 
    91 
  1717 
  2937 
    15 
    15 
  2673 
  2417 
  1690 
   389 
   110 
    63 
   758 
   477 
   578 
    13 
    16 
    16 
  2310 
  2162 
  1015 
   439 
   165 
    75 
  11 
  11 
   9 
  33 
  21 
  64 
   8 
  59 
  13 
  12 
  11 
  11 
  12 
  12 
  11 
  11 
   8 
  11 
   9 
   9 
  11 
   9 
  11 
 228 
  12 
  12 
   9 
   9 
   9 
   8 
   8 
   9 
  11 
  12 
   9 
  13 
  12 
   9 
  12 
  11 
   8 
  11 
  11 
  11 
  12 
   9 
  11 
  11 
   9 
  11 
  11 
  12 
  11 
  11 
   9 
  11 
   9 
  11 
  11 
  11 
  11 
   9 
   8 
  11 
   8 
   8 
   9 
  12 
   9 
   9 
   9 
  12 
  11 
  13 
  11 
   7 
   9 
   9 
  12 
  12 
  12 
  12 
   9 
  12 
  13 
  12 
  11 
  12 
  11 
  11 
   9 
   9 
  12 
  11 
   9 
  12 
  20 
 395 
 481 
 307 
 281 
 340 
  19 
  66 
 123 
  97 
  66 
  19 
  26 
  17 
  13 
  15 
  12 
  13 
   8 
   9 
  12 
  15 
  11 
  17 
  13 
  17 
  16 
  17 
  15 
  15 
  13 
  19 
  16 
  21 
  13 
  16 
  16 
  20 
  15 
  20 
  12 
  16 
  13 
  13 
  15 
  16 
  23 
  21 
  13 
  16 
  11 
  17 
  13 
  15 
  15 
  21 
  15 
  15 
  13 
  25 
  28 
  21 
  15 
  16 
  12 
  16 
  12 
  17 
  17 
  15 
  46 
  55 
  25 
  11 
  15 
  15 
  15 
  13 
  16 
  15 
  16 
  15 
  13 
  15 
  16 
  15 
  15 
  11 
  12 
  12 
  12 
  13 
  11 
  11 
  15 
  16 
 11 
 12 
 11 
 15 
 42 
 36 
  9 
 20 
  9 
 76 
 20 
 11 
  9 
  8 
  7 
 12 
  8 
  9 
 12 
  9 
 11 
  8 
 11 
 11 
  9 
  9 
  9 
  9 
  8 
  9 
  9 
  9 
  9 
  9 
  9 
  9 
  9 
 11 
  7 
 11 
  9 
  8 
  8 
  9 
  8 
  9 
 11 
  9 
 11 
 12 
  8 
  8 
  9 
 11 
  9 
  8 
 11 
  9 
 11 
  8 
 11 
  9 
  8 
  9 
 12 
  8 
 12 
  9 
  9 
  9 
 12 
 12 
  8 
 12 
 12 
 11 
  9 
 11 
  7 
 11 
 12 
  8 
  9 
 11 
 11 
 11 
 11 
 11 
 12 
 11 
 11 
 11 
  9 
 11 
  9 
 11 
 12 
 12 
 11 
 57 
 28 
 30 
  9 
 11 
 15 
 11 
  9 
  9 
 13 
  8 
  9 
  8 
  9 
  9 
  9 
  9 
  8 
 12 
  8 
  9 
  8 
 11 
  8 
 12 
  7 
  9 
  9 
 12 
  9 
  8 
  9 
 11 
  9 
  7 
 11 
  9 
  8 
  8 
  8 
  8 
  7 
  9 
 12 
 11 
  8 
  9 
  9 
  9 
 11 
 11 
  9 
  8 
 12 
  8 
  9 
  9 
 12 
 12 
  8 
 11 
  9 
  8 
  9 
  9 
  9 
 11 
  9 
  8 
  8 
  9 
  9 
 11 
  8 
  9 
 11 
  9 
  7 
  9 
  9 
 11 
 11 
  9 
  9 
 11 
  9 
  9 
  9 
 11 
  9 
  7 
 12 
  8 
  13 
  17 
  12 
 929 
 102 
  15 
  13 
  23 
  55 
  15 
  16 
  94 
  12 
  13 
  13 
  15 
  13 
  13 
  16 
  17 
  17 
  17 
  13 
  16 
  12 
  12 
  19 
  19 
  11 
  13 
  20 
  12 
  15 
  13 
  12 
  13 
  15 
  12 
  15 
  12 
  15 
  13 
  16 
  16 
  13 
  11 
  12 
  12 
  13 
  11 
  13 
  15 
   9 
  15 
  13 
  13 
  15 
  20 
  15 
  13 
  13 
  12 
  16 
  12 
  12 
  15 
  12 
  16 
  15 
  11 
  12 
  15 
  13 
  12 
  11 
  15 
   9 
  12 
  12 
  12 
  11 
  12 
  13 
  12 
  11 
  15 
  17 
  13 
   9 
  11 
  11 
  13 
  15 
  12 
  13 
  13 
 12 
  9 
  9 
 12 
 30 
 41 
 12 
 13 
 40 
 12 
 13 
 13 
 11 
 12 
  8 
  8 
  9 
  8 
  9 
  9 
 12 
 12 
 11 
 11 
 11 
  8 
  9 
 11 
  9 
 11 
  9 
  9 
 11 
  9 
  9 
  9 
 13 
 11 
 12 
  8 
  8 
  9 
  8 
  8 
 11 
  8 
 11 
  8 
  9 
 11 
 11 
 12 
  9 
  8 
  8 
 11 
  8 
  9 
  7 
 11 
 11 
 12 
  9 
  9 
  8 
  7 
  8 
  8 
  9 
  8 
 11 
 12 
 15 
 15 
 11 
 24 
 11 
  8 
  8 
 11 
 11 
 11 
  8 
 12 
 13 
 11 
  8 
 11 
 11 
 11 
 12 
 11 
  9 
  8 
  9 
 11 
