   331 
  2587 
  2902 
  4349 
  6834 
  5589 
  7620 
 13681 
  4807 
  1215 
    24 
    54 
   298 
  3650 
  5076 
  9387 
 11000 
  5651 
 13944 
 18499 
  4075 
  3822 
  1029 
    68 
    83 
   167 
   783 
   737 
  1394 
  2868 
  3425 
  1212 
    56 
    42 
    83 
    87 
   208 
   719 
  2619 
   637 
  5470 
 12173 
  6855 
  2585 
  1092 
    71 
    64 
    79 
   126 
   884 
  1023 
  3518 
  4485 
 13562 
 12405 
  6382 
  2288 
   464 
   119 
    58 
    98 
   172 
   355 
   543 
  1423 
  1443 
  2582 
  2370 
  3810 
   652 
   174 
   109 
    45 
    76 
    57 
   464 
   354 
   384 
   393 
   362 
    98 
    60 
    34 
    34 
    29 
    53 
   122 
   146 
   139 
   158 
    97 
   121 
    43 
    28 
    25 
    13 
  3154 
  1086 
  3069 
  4130 
  7477 
  6280 
  4940 
  5678 
    30 
   191 
   118 
    71 
  6516 
 13836 
  2962 
 15627 
 20429 
 26824 
 32611 
 20174 
 15572 
  3594 
  3625 
   197 
   501 
  1659 
  4830 
   609 
 20488 
 16385 
 12908 
 19637 
  8514 
   988 
    11 
    13 
  4027 
  1236 
  7657 
 11383 
 23553 
 18310 
 16153 
 10522 
  3104 
   698 
   126 
    63 
   678 
   599 
  1415 
 13582 
 13532 
 13187 
 17540 
  8046 
  1055 
   289 
    81 
    52 
  2688 
  1845 
  2249 
  4405 
  1555 
  8536 
 12068 
  8946 
  1266 
    79 
    70 
    40 
   905 
   326 
  4887 
  8834 
    16 
    16 
  6803 
  6843 
  4105 
   835 
   162 
    62 
  1541 
   790 
   886 
    12 
    16 
    15 
  6136 
  5441 
  1757 
   846 
   274 
   117 
  11 
  12 
  11 
  16 
  13 
  32 
  11 
  17 
  13 
  12 
  11 
  11 
  12 
  11 
   9 
   9 
   9 
   8 
   9 
  11 
  11 
   9 
  13 
 209 
   9 
  11 
  11 
  11 
  11 
   9 
  11 
   8 
   9 
  11 
  11 
  11 
  12 
  12 
   9 
   9 
   9 
   9 
  11 
   8 
  11 
   9 
   9 
  11 
  15 
  11 
   9 
  12 
   9 
   9 
   9 
   8 
   9 
   9 
  11 
   9 
  15 
  11 
  12 
  12 
   9 
   9 
  12 
  11 
  15 
   9 
   7 
  11 
  11 
   9 
  11 
  12 
  11 
  12 
   8 
   9 
   9 
   8 
  12 
  11 
  11 
  13 
  13 
  12 
  12 
  12 
  11 
  13 
  13 
  11 
  11 
  12 
  20 
 624 
 380 
 668 
 257 
 181 
  13 
  87 
  50 
  91 
  68 
  43 
  20 
  19 
  15 
  11 
  13 
  11 
  12 
  16 
  16 
  12 
  12 
  21 
  16 
  17 
  16 
  13 
  12 
  19 
  16 
  16 
  12 
  19 
  15 
  15 
  19 
  20 
  15 
  23 
  17 
  21 
  16 
  15 
  17 
  21 
  21 
  19 
  17 
  13 
  13 
  19 
  16 
  15 
  17 
  24 
  17 
  19 
  16 
  36 
  34 
  16 
  21 
  15 
  13 
  13 
  11 
  13 
  17 
  19 
  52 
  91 
  34 
  13 
  17 
  16 
  19 
  16 
  16 
  20 
  15 
  15 
  19 
  17 
  20 
  13 
  13 
  15 
  13 
  12 
  12 
  15 
  13 
  11 
  17 
  20 
  12 
  12 
   8 
  11 
  19 
  21 
   8 
  13 
  11 
 134 
  17 
   9 
  11 
  11 
  12 
  11 
   8 
  12 
  12 
   9 
   8 
   9 
   9 
   8 
  11 
   9 
   8 
  11 
  12 
  11 
   9 
  11 
   9 
   9 
  11 
   9 
   9 
   9 
   9 
   9 
  12 
   9 
  11 
   9 
  11 
   9 
  13 
  12 
   9 
   9 
  11 
  11 
   7 
   7 
   9 
  11 
   9 
   7 
  13 
  12 
   8 
  11 
   8 
   8 
   8 
  12 
   9 
  11 
  11 
   9 
   9 
   9 
  12 
  11 
  12 
   8 
   9 
   8 
   9 
  13 
  11 
   7 
  12 
   9 
  12 
   9 
  11 
  13 
  12 
   8 
   9 
   8 
  11 
  11 
  11 
  11 
 11 
 12 
  9 
 46 
 16 
 50 
 11 
 12 
 13 
 12 
 11 
 12 
 12 
 11 
 11 
 13 
 12 
  8 
  9 
 13 
  9 
  9 
 11 
 12 
 11 
 13 
  9 
 11 
 11 
 12 
  8 
  9 
 11 
 11 
 11 
  9 
 11 
  9 
  8 
  7 
  9 
 11 
  9 
  8 
  8 
  9 
 13 
 15 
 11 
 11 
 11 
 12 
  9 
  8 
  8 
 11 
  9 
 13 
 11 
 11 
 11 
  9 
  8 
 13 
  9 
  9 
  9 
  8 
 12 
  8 
 11 
  9 
  9 
 11 
 11 
 12 
 11 
 12 
 11 
 12 
  8 
  9 
 11 
 12 
 11 
 11 
  7 
  9 
 11 
  9 
  9 
 11 
 11 
  9 
  8 
 12 
  15 
  15 
  16 
 494 
  91 
  17 
  15 
  15 
  31 
  16 
  32 
  34 
  11 
  15 
  15 
  13 
  13 
  13 
  17 
  15 
  15 
  15 
  13 
  13 
  12 
  15 
  20 
  16 
  11 
  12 
  24 
  15 
  13 
  17 
  11 
  15 
  15 
  15 
  16 
  11 
  15 
  13 
  15 
  17 
  13 
  12 
  12 
  13 
  12 
  15 
  15 
  21 
  13 
  13 
  12 
  11 
  15 
  23 
  15 
  13 
  13 
  12 
  15 
  13 
  12 
  12 
  16 
  13 
  13 
  16 
  12 
  13 
  15 
  15 
  15 
  16 
  12 
  15 
  11 
  13 
  13 
  15 
  11 
  11 
  13 
  13 
  15 
  15 
   9 
  12 
  15 
  13 
  12 
  12 
  12 
  15 
  9 
  9 
  9 
 12 
 30 
 17 
  9 
 11 
 30 
 12 
 11 
 12 
 13 
 11 
  9 
 11 
 11 
  8 
 11 
 12 
  9 
  9 
 11 
 12 
 13 
  9 
 12 
 11 
  9 
  7 
  9 
 11 
 11 
 11 
  9 
 12 
 13 
  8 
  8 
 12 
  9 
 11 
  9 
  9 
  8 
 12 
 11 
 11 
 11 
 13 
  9 
 11 
  8 
  9 
  9 
  7 
 11 
 11 
  9 
 11 
  8 
  9 
  5 
 11 
 11 
  8 
  8 
  9 
  8 
  9 
 11 
  9 
 15 
 19 
 11 
 23 
  8 
 11 
  9 
  8 
  9 
  7 
 12 
 12 
  9 
 12 
 11 
  9 
 11 
 11 
  9 
  9 
  9 
 11 
 11 
 11 
