   895 
  2794 
  2729 
  3730 
  5429 
  6054 
  6831 
 12310 
  4524 
  1632 
    43 
    17 
   136 
   979 
  2068 
  3585 
  4921 
  2399 
  4873 
  6543 
  1172 
  1252 
   228 
    21 
    49 
   323 
  1119 
  1074 
  2528 
  4136 
  5438 
  1016 
    68 
    81 
   259 
    99 
   106 
   307 
  1057 
   204 
  3324 
  5635 
  2284 
   620 
   711 
    38 
    35 
   111 
   125 
   339 
   442 
  1590 
  3113 
  3896 
  3812 
  1388 
   957 
   209 
   109 
    76 
   138 
   136 
   175 
   274 
  1090 
   713 
  1902 
  1456 
  1313 
   240 
    98 
   187 
    30 
    72 
    44 
   211 
   143 
   154 
   165 
   160 
    60 
    56 
    34 
    39 
    29 
    57 
   140 
   139 
    90 
   140 
    91 
   140 
    55 
    43 
    28 
    19 
 2718 
 1882 
 4296 
 5055 
 8024 
 6166 
 7488 
 6704 
   23 
  361 
  216 
  240 
 1855 
 5327 
 1349 
 6839 
 8384 
 8526 
 6406 
 6035 
 5187 
  996 
  996 
   50 
  170 
  967 
 2716 
 1122 
 7357 
 7606 
 4577 
 7847 
 4187 
  442 
   13 
   16 
   15 
  458 
 3056 
 5021 
 8254 
 8002 
 6164 
 4201 
 1507 
  407 
   44 
   63 
  595 
  227 
  620 
 2468 
 3389 
 4569 
 4699 
 1918 
  270 
  166 
   32 
   32 
 1747 
  882 
 1033 
 1423 
  764 
 2816 
 2582 
 2704 
  624 
  158 
   20 
   30 
  801 
   81 
 1693 
 3252 
   15 
   11 
 2333 
 2216 
 1628 
  329 
   81 
   51 
  709 
  438 
  540 
   15 
   11 
   15 
 2048 
 2068 
  860 
  350 
  110 
   48 
  12 
   8 
   9 
  29 
  21 
  60 
   9 
  38 
  12 
   7 
  11 
  12 
  13 
  11 
   9 
   8 
   9 
  12 
  11 
  11 
   9 
  12 
  13 
 232 
   8 
  11 
   8 
   7 
  11 
  11 
   9 
   9 
  12 
  11 
   9 
  11 
  11 
  11 
  11 
  12 
   9 
   9 
   8 
   8 
   9 
  11 
  11 
  11 
  12 
  12 
  11 
  12 
  11 
   9 
   9 
  11 
   9 
   9 
   9 
  12 
  12 
  12 
  12 
   9 
   8 
  11 
   8 
  11 
   8 
  12 
  13 
  11 
  11 
   9 
  11 
  11 
  12 
  11 
  13 
  11 
  11 
  11 
   9 
  12 
  11 
  13 
  12 
   9 
  12 
  13 
  12 
  12 
  12 
  11 
  11 
  11 
  21 
 774 
 562 
 302 
 434 
 264 
  15 
  67 
  72 
  85 
  59 
  25 
  23 
  16 
  13 
   9 
   9 
  12 
  15 
  12 
  11 
  16 
  12 
  17 
  15 
  16 
  13 
  15 
  13 
  15 
  15 
  15 
  12 
  20 
  15 
  13 
  16 
  21 
  13 
  20 
  13 
  13 
  13 
  15 
  17 
  21 
  21 
  19 
  17 
  15 
  12 
  17 
  15 
  13 
  15 
  21 
  12 
  16 
  16 
  23 
  34 
  16 
  16 
  15 
  12 
  12 
  11 
  15 
  15 
  19 
  43 
  59 
  28 
  15 
  15 
  15 
  16 
  17 
  15 
  16 
  12 
  11 
  13 
  15 
  19 
  15 
  13 
  13 
  15 
  11 
  12 
  13 
  13 
  13 
  16 
  17 
 11 
 11 
  9 
 23 
 30 
 34 
  9 
 20 
 19 
 94 
 17 
  9 
 12 
 11 
  9 
  8 
  8 
  8 
  9 
  9 
  8 
  8 
 11 
 12 
  8 
  7 
  7 
  8 
  7 
  9 
 11 
  9 
  9 
 12 
 11 
  9 
 12 
  9 
  9 
 11 
  9 
  8 
  8 
  9 
 11 
  9 
  9 
 11 
  9 
 11 
 11 
  8 
  8 
  9 
  8 
  9 
  8 
 11 
  9 
 12 
  9 
 12 
  9 
  8 
 11 
  7 
  9 
  8 
  9 
  9 
 11 
 11 
 11 
 11 
  8 
  9 
 11 
 11 
  9 
 11 
  7 
  8 
 11 
  8 
 11 
 11 
 11 
 11 
  9 
  8 
 11 
 11 
 12 
  9 
 12 
  9 
 12 
 11 
 12 
 44 
 24 
 30 
 12 
 15 
 15 
 11 
  9 
 12 
 12 
  8 
 11 
  8 
  9 
 11 
 12 
  9 
 15 
  9 
 11 
 11 
 12 
  9 
  7 
  8 
  9 
  8 
  8 
 12 
  8 
  9 
 12 
 11 
 11 
  8 
  9 
 11 
 12 
 12 
 11 
 11 
  8 
  9 
 11 
  8 
  9 
  8 
  8 
 11 
  9 
  9 
  7 
  9 
 11 
 11 
  7 
  9 
  8 
  8 
  9 
  9 
  9 
  9 
  8 
  9 
 12 
  9 
 11 
 13 
  9 
 11 
  9 
 11 
  8 
  8 
  8 
  7 
  7 
  9 
 11 
  9 
  9 
 11 
 12 
  8 
  9 
  9 
 12 
  9 
 11 
 11 
 11 
  9 
  13 
  12 
  12 
 823 
 230 
  16 
  11 
  30 
  54 
  16 
  15 
 115 
  12 
  12 
  13 
  15 
  17 
  16 
  19 
  16 
  13 
  15 
  13 
  17 
  15 
  13 
  17 
  16 
  13 
  16 
  20 
  12 
  15 
  15 
  15 
  13 
  12 
  11 
  16 
  16 
  16 
  15 
  15 
  15 
  12 
  12 
  16 
  15 
  12 
  15 
  16 
  16 
  15 
  19 
  15 
  13 
  16 
  17 
  16 
  13 
  15 
  13 
  19 
  13 
  13 
  12 
  12 
  11 
  13 
  13 
  15 
  15 
  16 
  11 
  12 
   9 
  11 
  13 
  11 
  13 
  12 
  13 
  11 
  12 
  12 
  12 
  15 
  16 
  12 
  12 
  13 
   9 
  19 
  15 
  16 
  15 
 12 
 12 
  9 
 11 
 24 
 36 
 12 
 11 
 44 
 13 
 12 
 13 
 11 
 12 
  9 
 11 
  8 
  9 
 11 
  9 
  8 
 11 
  9 
  9 
 12 
 11 
 11 
 11 
 12 
 11 
  9 
  9 
 12 
  9 
  8 
 11 
 15 
  9 
  9 
  9 
  8 
  8 
 11 
  8 
 12 
 12 
 11 
 11 
  9 
  9 
  8 
 12 
  8 
  9 
 12 
  9 
  7 
  8 
 11 
 11 
 13 
 11 
  9 
 11 
 12 
  9 
 11 
 11 
  8 
 12 
  8 
 11 
 16 
 17 
 11 
 23 
  9 
  9 
  9 
  9 
 12 
 11 
  8 
 11 
  9 
  9 
  8 
 11 
  8 
  9 
  9 
  9 
 11 
 11 
  9 
 11 
