  409 
 1432 
 1280 
 2852 
 3937 
 3353 
 4446 
 8842 
 3013 
  880 
   28 
   44 
  280 
  895 
 2000 
 4609 
 6225 
 3852 
 4809 
 7575 
 1440 
 1287 
  188 
   25 
   42 
  344 
  669 
  627 
 1288 
 2708 
 3012 
  603 
   54 
  114 
  303 
   67 
  176 
  404 
 1066 
  332 
 3341 
 7485 
 3036 
  460 
  713 
   38 
   68 
   87 
  265 
  322 
  586 
 2309 
 2863 
 5291 
 4093 
 2031 
  930 
  285 
  176 
   99 
  269 
  325 
  280 
  385 
 1151 
  927 
 1809 
 1888 
  956 
  207 
  105 
  142 
   25 
   54 
   44 
  119 
   90 
  106 
   99 
  105 
   46 
   46 
   28 
   25 
   23 
   33 
   69 
   76 
   54 
   74 
   58 
   86 
   36 
   34 
   23 
   16 
 1326 
 1069 
 2366 
 2897 
 5920 
 4362 
 5234 
 4326 
   28 
  211 
  121 
   99 
   24 
   13 
 2104 
 6217 
 5544 
 6594 
 6084 
 5921 
 5707 
 1254 
  693 
   63 
  256 
 1216 
 3039 
  862 
 8432 
 8858 
 4425 
 7804 
 4543 
  573 
   15 
   15 
   21 
  596 
 3544 
 5592 
 9721 
 8939 
 6540 
 4958 
 1676 
  608 
   89 
  110 
  721 
  339 
  914 
 3100 
 3730 
 4907 
 4527 
 2338 
  412 
  246 
   42 
   44 
   21 
 1119 
 1301 
 2116 
 1069 
 3530 
 2699 
 3124 
  624 
  275 
   28 
   52 
  588 
  136 
 2165 
 3738 
   15 
   11 
 2617 
 2629 
 2036 
  354 
  132 
   85 
  902 
  600 
  591 
   15 
   13 
   13 
 2149 
 2681 
 1043 
  382 
  168 
   67 
   9 
   9 
   9 
  21 
  19 
  57 
  13 
  23 
  16 
   9 
  12 
  12 
   9 
   9 
  11 
   8 
  11 
   9 
   9 
  11 
  12 
  11 
  11 
 134 
  13 
  11 
   9 
   8 
   8 
  11 
   9 
   8 
  11 
  11 
  13 
  13 
  11 
   9 
  12 
   8 
  11 
   8 
  11 
   9 
   8 
  12 
   9 
  11 
   9 
   8 
   9 
   9 
  11 
   8 
  11 
   8 
   7 
  11 
  11 
  11 
  12 
  12 
   9 
   7 
   8 
  12 
   9 
  12 
  11 
  13 
   9 
  12 
  12 
   8 
  13 
  12 
  12 
   9 
   8 
  12 
  11 
   9 
   9 
  11 
  12 
   9 
  11 
   9 
  11 
  11 
  11 
   9 
  11 
  13 
   8 
  12 
  20 
 552 
 607 
 551 
 311 
 107 
  17 
 129 
 119 
  62 
  36 
  30 
  17 
  13 
  13 
   9 
  11 
  11 
  13 
  11 
  13 
  11 
  12 
  13 
  16 
  16 
  12 
  16 
  15 
  15 
  12 
  12 
  15 
  20 
  13 
  15 
  12 
  21 
  13 
  19 
  15 
  19 
  12 
  12 
  17 
  15 
  17 
  15 
  20 
  11 
  15 
  16 
   9 
  13 
  15 
  21 
  13 
  13 
  13 
  30 
  32 
  23 
  12 
  15 
  11 
  12 
  12 
  17 
  15 
  15 
  46 
  72 
  23 
  15 
  13 
  13 
  17 
  12 
  12 
  15 
  13 
  11 
  13 
  17 
  16 
  13 
  12 
  11 
  11 
  11 
   9 
  12 
   7 
  12 
  15 
  13 
  9 
  9 
  8 
 12 
 23 
 25 
  8 
 12 
 11 
 75 
 12 
 11 
 11 
  7 
  9 
 11 
  9 
  9 
  9 
  8 
  8 
 11 
  9 
 11 
  8 
  8 
  9 
  9 
 11 
 11 
  9 
  8 
  8 
 11 
 11 
  9 
 11 
  7 
 11 
  9 
  9 
 12 
 13 
  9 
  9 
  8 
 20 
 11 
 11 
  8 
 11 
 11 
  8 
  9 
  9 
 11 
  9 
  7 
 12 
 12 
  8 
 11 
 11 
 11 
  8 
 11 
  7 
 11 
  8 
 11 
  9 
 13 
 11 
 11 
  9 
 12 
  8 
 12 
 11 
  8 
 11 
 11 
  9 
  9 
 11 
  9 
 11 
 12 
 11 
 11 
 11 
  9 
 12 
 11 
 11 
 13 
  8 
  7 
 11 
 30 
 21 
 21 
  9 
  9 
 35 
  9 
 11 
 12 
 11 
 11 
  9 
 11 
  9 
 11 
 11 
  9 
  9 
  9 
  9 
 11 
 11 
 11 
 11 
  9 
 12 
 11 
  8 
 11 
  7 
  9 
  9 
  9 
  9 
 11 
  8 
  9 
  9 
 11 
  8 
 11 
 11 
 11 
  7 
  8 
 12 
 11 
  9 
  8 
  8 
  9 
  9 
 11 
 12 
  8 
  9 
 11 
  5 
  9 
  8 
  9 
  7 
  8 
  9 
  8 
  9 
  9 
  9 
 12 
 11 
 11 
 11 
  9 
  9 
  9 
  9 
  9 
  9 
 11 
  9 
  8 
 12 
 11 
 11 
 12 
 11 
  8 
  8 
  8 
  9 
  8 
  9 
 12 
  11 
 185 
  16 
 453 
 238 
  19 
  12 
  36 
  39 
  13 
  20 
 227 
  12 
  12 
  11 
  13 
  12 
  13 
  16 
  17 
  15 
  15 
  12 
  13 
  13 
  12 
  17 
  13 
  13 
  16 
  23 
  12 
  20 
  13 
  13 
  16 
  12 
  13 
  15 
  16 
  13 
  16 
  15 
  16 
  13 
  13 
  13 
  13 
  12 
  17 
  13 
  17 
  12 
  16 
  16 
  13 
  15 
  27 
  13 
  15 
  12 
  12 
  16 
  13 
  12 
  17 
  15 
  12 
  11 
  12 
  11 
  16 
  13 
  16 
  11 
  13 
  12 
  11 
  12 
  13 
   9 
  12 
  11 
  12 
  16 
  11 
  13 
  16 
  12 
  17 
  11 
   8 
  15 
  13 
  16 
  13 
  8 
  9 
  9 
 12 
 23 
 24 
 11 
 13 
 47 
 12 
 12 
 11 
 12 
 11 
  9 
 11 
  8 
  9 
  8 
  9 
  9 
 12 
 12 
  9 
 11 
 12 
 11 
  8 
 11 
  9 
 11 
  9 
  8 
 11 
  8 
 11 
 13 
 12 
 11 
  8 
  8 
 11 
  9 
  9 
 11 
  9 
 11 
 12 
 12 
  9 
  9 
 11 
  9 
  9 
  9 
 11 
  8 
  7 
  9 
  9 
 11 
 12 
  9 
  9 
 11 
  8 
  9 
 11 
  8 
  9 
  9 
 11 
 11 
 16 
  9 
 25 
  9 
  9 
  9 
  9 
 11 
 11 
 11 
  9 
 11 
 12 
 12 
  9 
 11 
 11 
 11 
  8 
 11 
  9 
  7 
 13 
