  346 
 1150 
 1054 
 2647 
 3570 
 2933 
 4012 
 7726 
 2612 
  660 
   30 
   40 
  331 
  995 
 2247 
 4962 
 6733 
 4140 
 5609 
 8408 
 1594 
 1476 
  225 
   25 
   40 
  322 
  538 
  469 
 1037 
 2334 
 2443 
  470 
   98 
  107 
  259 
   72 
  188 
  437 
 1166 
  363 
 3424 
 7699 
 3319 
  484 
  745 
   47 
   81 
   74 
  287 
  343 
  669 
 2477 
 2881 
 5908 
 4599 
 2362 
 1001 
  361 
  178 
   81 
  287 
  392 
  327 
  417 
 1175 
 1039 
 1841 
 2074 
  966 
  224 
  118 
  130 
   23 
   60 
   46 
  109 
   82 
  103 
   98 
   94 
   46 
   51 
   30 
   27 
   21 
   28 
   73 
   70 
   46 
   70 
   52 
   90 
   32 
   27 
   19 
   15 
  1043 
   888 
  1949 
  2547 
  5262 
  3896 
  4206 
  3569 
    23 
   183 
    90 
    75 
    24 
    19 
  2310 
  7168 
  5805 
  7995 
  7395 
  7073 
  6371 
  1415 
   652 
    67 
   310 
  1355 
  3075 
   744 
  9314 
  9411 
  4748 
  8422 
  4679 
   617 
    16 
    15 
    20 
   677 
  3677 
  5825 
 10934 
  9747 
  7024 
  5147 
  1733 
   680 
    98 
    97 
   752 
   404 
  1078 
  3522 
  4148 
  5287 
  5207 
  2452 
   494 
   274 
    47 
    43 
    21 
  1257 
  1439 
  2256 
  1115 
  3745 
  3149 
  3569 
   695 
   314 
    31 
    47 
   564 
   176 
  2408 
  3885 
    13 
    12 
  2910 
  2894 
  2218 
   407 
   130 
    72 
   964 
   689 
   648 
    15 
    11 
    15 
  2397 
  3021 
  1178 
   446 
   197 
    78 
  12 
   9 
   8 
  13 
  12 
  42 
   9 
  16 
  16 
   9 
  13 
  11 
  11 
  11 
  12 
  11 
  11 
   8 
  11 
  12 
   9 
   9 
  11 
 154 
  12 
   8 
   9 
  11 
  11 
   9 
   9 
   9 
   9 
  11 
   9 
  12 
  13 
  11 
  12 
   9 
   9 
   8 
   9 
  12 
  12 
   9 
  11 
  11 
  12 
   9 
  11 
   9 
   9 
  11 
   9 
   9 
  13 
  11 
   9 
  12 
  12 
  12 
   8 
   9 
   9 
   9 
   9 
  11 
   9 
   8 
  12 
  11 
   9 
  13 
   9 
   8 
  11 
  12 
  11 
  11 
   8 
   9 
  12 
  12 
   9 
  13 
  13 
   9 
  12 
   9 
  12 
   9 
  11 
  12 
  15 
  12 
  26 
 555 
 572 
 335 
 434 
 204 
  13 
  81 
  54 
  94 
  62 
  23 
  23 
  17 
  13 
  11 
  11 
  11 
  12 
  12 
  13 
  15 
   9 
  17 
  12 
  16 
  13 
  13 
  16 
  15 
  16 
  13 
  13 
  17 
  17 
  15 
  19 
  19 
  15 
  23 
  15 
  16 
  13 
  15 
  16 
  17 
  20 
  20 
  17 
  15 
  13 
  19 
  11 
  12 
  13 
  16 
  13 
  15 
  13 
  34 
  33 
  20 
  12 
  15 
  12 
  12 
  15 
  11 
  15 
  16 
  47 
  70 
  24 
  13 
  13 
  15 
  13 
  15 
  11 
  17 
  16 
  11 
  16 
  15 
  20 
  11 
  13 
  13 
  12 
  12 
  12 
  11 
  11 
  12 
  13 
  16 
 12 
  9 
  8 
 16 
 25 
 15 
 12 
 19 
 21 
 87 
 24 
  9 
 13 
 11 
  9 
  8 
  9 
 11 
  9 
  7 
  9 
  8 
 12 
 11 
 12 
 11 
 11 
  7 
 11 
  7 
  9 
 11 
  8 
 11 
  7 
  9 
 11 
 11 
  8 
 12 
  8 
  9 
 11 
  7 
  8 
  9 
 11 
 11 
  9 
  9 
 12 
  8 
 11 
  9 
  9 
 11 
  8 
  9 
  9 
 12 
  8 
  9 
  8 
  9 
 11 
 11 
 11 
 11 
  8 
 11 
  8 
 12 
  9 
  9 
 11 
  8 
 11 
  9 
 13 
  8 
 11 
  9 
  9 
  9 
  9 
 11 
  8 
  9 
 11 
  9 
 11 
  9 
  9 
  9 
  9 
 13 
 11 
 12 
  8 
 36 
 19 
 19 
 11 
  9 
 12 
 15 
  8 
 12 
 11 
  9 
 11 
  7 
 11 
  9 
  9 
 12 
 11 
 11 
 12 
  8 
  9 
  8 
 11 
  9 
  9 
  9 
  9 
  9 
 11 
  9 
  9 
  7 
  9 
 12 
  9 
  9 
 11 
 12 
  9 
  9 
  9 
 11 
 11 
 12 
 11 
  9 
 12 
  8 
  8 
  7 
  9 
  9 
  8 
  9 
  8 
 12 
 12 
 11 
  9 
  9 
  9 
 11 
  8 
  8 
  9 
 11 
 11 
  9 
 12 
 13 
  7 
  9 
  9 
  9 
  9 
  9 
  9 
  9 
  9 
 11 
 11 
  8 
 11 
  9 
 11 
 12 
 11 
 11 
 12 
 11 
  8 
 12 
  16 
 188 
  17 
 898 
 205 
  16 
   9 
  35 
  46 
  67 
  15 
 242 
  15 
  12 
  12 
  15 
  12 
  16 
  16 
  16 
  16 
  12 
  13 
  31 
  13 
  11 
  16 
  15 
  13 
  15 
  24 
  11 
  16 
  13 
  15 
  15 
  13 
  13 
  13 
  12 
  16 
  16 
  11 
  15 
  13 
  12 
  12 
  13 
  12 
  15 
  13 
  17 
  11 
  15 
  13 
  16 
  15 
  24 
  12 
   9 
  16 
  12 
  20 
  13 
   9 
  13 
  17 
  13 
  16 
  12 
   9 
  15 
  12 
  11 
  12 
  12 
  13 
  15 
  12 
  12 
  15 
  12 
  13 
  11 
  12 
  12 
  16 
  13 
  13 
  11 
  11 
  12 
  12 
  13 
  13 
  12 
  9 
 11 
  8 
 13 
 19 
 26 
 11 
 12 
 34 
 11 
 11 
 15 
 11 
  9 
  9 
  9 
 11 
  9 
  8 
 11 
  9 
 11 
  9 
 11 
 15 
  9 
  9 
  8 
  8 
 11 
  9 
  9 
 11 
  9 
  8 
 12 
 11 
  9 
  9 
 11 
 11 
  9 
 12 
  9 
 12 
  9 
 11 
  8 
 11 
  9 
  8 
  9 
  9 
 11 
  7 
  9 
  7 
  9 
 11 
 12 
  9 
 11 
 11 
  9 
 11 
 12 
  9 
  8 
  9 
  8 
  8 
 11 
 15 
 16 
  8 
 24 
  8 
  7 
  9 
  9 
  9 
  7 
  9 
 11 
 12 
  9 
 13 
  9 
  9 
 11 
  9 
  9 
  9 
  9 
 11 
 11 
