   918 
  7190 
  6912 
  5543 
  8189 
  9857 
 11002 
 18886 
  7379 
  2397 
    32 
    44 
   101 
  1533 
  2420 
  3944 
  5148 
  2684 
  5917 
  9224 
  2096 
  1490 
   416 
    93 
   117 
   378 
  1991 
  1700 
  3353 
  5803 
  6978 
  3464 
   119 
    62 
   177 
    93 
    82 
   301 
  1458 
   600 
  3830 
  6286 
  3746 
  2358 
   847 
    50 
    31 
    36 
    68 
   563 
   517 
  2010 
  3967 
  6304 
  6215 
  3451 
  1315 
   188 
    56 
    35 
    50 
    82 
   211 
   314 
  1288 
   825 
  2337 
  1411 
  2771 
   349 
    86 
    55 
    42 
    49 
    41 
   521 
   400 
   404 
   459 
   415 
    90 
    44 
    34 
    42 
    48 
    85 
   195 
   238 
   203 
   253 
   154 
   156 
    63 
    32 
    32 
    16 
  6002 
  2025 
  5552 
  7331 
 11859 
  9844 
  9824 
 10910 
    70 
   380 
   331 
   224 
  2975 
  5850 
  1371 
  6549 
  8993 
  9689 
 11822 
  7537 
  6285 
  1860 
  3229 
   193 
   174 
   648 
  3226 
  1240 
 10236 
 10844 
  7955 
 14825 
  5856 
   425 
    13 
    12 
  1702 
  1000 
  4417 
  7583 
 12043 
 11350 
 10977 
  7964 
  1921 
   323 
    56 
    35 
   302 
   272 
   864 
  5056 
  8346 
  8608 
  9545 
  5168 
   558 
   117 
    36 
    25 
   991 
   652 
  1194 
  2455 
  1058 
  5026 
  5780 
  4500 
   722 
    79 
    48 
    27 
   468 
   171 
  2375 
  4950 
    16 
    13 
  3889 
  3857 
  2074 
   361 
   126 
    34 
  1089 
   336 
   498 
    15 
    13 
    15 
  3138 
  2947 
   809 
   358 
    99 
    51 
  16 
   9 
   9 
  16 
  16 
  36 
  11 
  25 
  28 
  13 
  12 
  13 
  13 
   9 
  11 
  11 
  13 
   9 
  11 
   9 
   8 
  12 
  11 
 153 
   9 
  12 
  11 
   8 
  12 
  11 
  11 
  11 
  13 
  11 
   9 
   9 
  13 
  12 
  11 
   9 
   8 
   9 
  13 
   9 
  12 
  11 
   9 
  11 
  12 
   8 
  11 
  11 
   7 
  11 
   9 
  11 
   8 
  11 
  11 
   9 
  11 
  11 
  11 
   8 
  12 
   9 
  12 
   8 
   9 
   9 
   9 
  16 
   9 
   9 
  11 
  12 
   9 
  11 
  13 
  13 
  13 
   9 
  12 
  15 
  16 
  11 
  12 
  13 
  13 
  11 
  13 
  15 
  11 
  11 
  11 
  15 
  20 
 521 
  50 
 286 
 338 
 200 
  15 
  99 
 201 
 145 
  27 
  27 
  23 
  16 
  13 
  15 
  13 
  12 
  11 
  13 
  15 
  13 
  12 
  19 
  16 
  17 
  12 
  19 
  13 
  11 
  16 
  16 
  15 
  17 
  16 
  19 
  16 
  19 
  16 
  23 
  12 
  16 
  15 
  13 
  19 
  16 
  23 
  19 
  19 
  15 
  12 
  15 
  12 
  12 
  16 
  20 
  13 
  17 
  15 
  27 
  26 
  19 
  15 
  16 
  12 
  15 
  12 
  13 
  16 
  17 
  42 
  67 
  29 
  15 
  12 
  12 
  15 
  13 
  16 
  16 
  17 
  13 
  17 
  17 
  19 
  12 
  13 
  13 
  20 
  15 
  11 
  15 
  16 
  12 
  21 
  17 
  13 
   9 
   8 
  13 
  28 
  33 
  11 
  16 
  17 
 169 
  12 
  11 
  12 
   9 
   8 
   9 
   8 
  11 
   8 
   9 
  11 
   8 
   8 
  11 
   9 
  12 
   9 
   5 
   9 
  11 
   9 
   8 
   8 
  11 
   9 
   9 
  12 
  11 
   7 
   7 
   8 
   9 
   9 
   9 
  11 
  11 
  11 
  11 
  12 
   9 
   9 
  11 
   8 
   8 
   9 
   9 
  11 
   8 
   8 
   8 
  11 
  11 
   8 
   8 
   8 
  11 
   9 
  11 
   7 
   9 
  12 
   8 
  11 
   9 
  11 
  12 
   8 
   8 
  12 
   8 
  12 
  11 
   9 
  11 
  12 
   8 
   8 
   9 
   9 
   8 
   7 
   8 
   9 
  11 
   8 
  11 
  9 
 11 
 11 
 52 
 23 
 40 
 11 
 12 
 13 
 13 
 13 
  8 
  9 
 11 
  8 
  9 
  9 
  9 
  8 
 12 
 11 
  9 
  8 
 11 
 13 
  9 
  9 
  9 
 11 
 11 
  9 
 11 
  9 
 11 
 11 
 13 
  9 
  8 
  9 
  9 
 11 
 11 
  8 
  9 
 11 
  5 
  8 
  8 
 11 
 12 
  8 
  8 
  9 
 11 
  5 
  8 
 12 
 11 
 11 
  9 
 11 
 11 
  9 
  7 
  8 
  9 
  7 
 11 
 13 
 11 
  9 
 12 
  8 
  8 
 12 
  8 
  7 
  8 
  9 
 11 
  9 
  9 
 13 
  9 
 11 
 12 
  9 
  9 
 13 
  7 
 11 
  8 
  7 
  8 
 11 
 11 
   9 
  15 
  12 
 768 
  70 
  16 
  13 
  20 
  32 
  19 
  12 
  20 
  16 
  12 
  16 
  16 
  16 
  13 
  16 
  19 
  17 
  16 
  15 
  16 
  15 
  11 
  17 
  16 
  12 
  16 
  20 
  16 
  15 
  11 
  15 
  15 
  12 
  13 
  17 
  16 
  15 
  17 
  13 
  12 
  15 
  16 
  15 
  15 
  15 
  16 
  16 
  20 
   9 
  17 
  17 
  16 
  12 
  21 
  12 
  15 
  11 
  13 
  13 
  13 
  12 
  12 
  15 
  12 
  12 
  13 
  12 
  19 
  13 
  13 
  13 
  19 
  15 
  13 
  11 
  12 
  12 
  12 
  12 
  15 
  16 
  15 
  16 
  19 
  11 
  15 
  13 
  15 
  16 
  12 
  12 
  11 
 13 
 11 
  9 
 12 
 61 
 29 
 11 
 13 
 36 
 12 
 17 
  9 
 11 
  8 
  9 
 11 
  8 
 11 
  9 
  9 
 11 
 11 
 11 
 12 
 11 
  9 
  8 
  9 
  8 
  7 
  8 
  9 
  8 
  9 
  9 
 11 
 13 
  9 
 12 
  8 
  8 
  9 
  8 
  9 
  9 
 11 
  9 
  9 
 11 
 12 
  9 
  8 
  8 
  9 
 12 
  8 
 12 
 11 
  9 
  9 
 12 
  9 
  7 
 11 
  9 
  9 
  8 
  9 
 11 
 12 
 11 
  9 
 16 
 19 
 12 
 21 
  9 
 11 
 12 
  7 
 12 
  8 
  8 
  9 
 11 
 12 
  9 
  9 
  9 
 11 
 11 
  9 
  9 
 12 
  9 
  9 
