  812 
 2169 
 2269 
 1950 
 2773 
 5113 
 4304 
 6042 
 2731 
 1141 
   23 
   85 
  217 
 1333 
 2668 
 4821 
 5846 
 3018 
 8702 
 8788 
 1585 
 1965 
  362 
   34 
   42 
  140 
  747 
  755 
 1892 
 2857 
 3467 
  697 
   50 
   43 
  156 
   68 
  180 
  347 
 1109 
  154 
 2384 
 4659 
 2461 
  378 
  483 
   38 
   42 
  140 
  159 
  332 
  507 
 1375 
 2084 
 4609 
 5625 
 1765 
  962 
  301 
  157 
   79 
  159 
  159 
  154 
  241 
  688 
  758 
 1249 
 1233 
 1314 
  303 
  132 
  208 
   34 
   74 
   45 
  241 
  180 
  204 
  199 
  177 
   55 
   46 
   32 
   36 
   28 
   57 
  131 
  136 
  101 
  154 
   85 
  142 
   48 
   35 
   23 
   16 
  1763 
  1452 
  2901 
  3720 
  3884 
  3614 
  5244 
  4480 
    50 
   275 
   172 
   211 
  4255 
 10099 
  1670 
 11859 
 14468 
 18087 
 13024 
 11499 
  8905 
  1717 
   595 
    36 
   249 
   970 
  1988 
   778 
  9173 
  7315 
  5540 
  6876 
  3373 
   484 
    13 
    17 
   494 
   587 
  2800 
  4283 
  9996 
  8585 
  5951 
  3693 
  1393 
   392 
    54 
    79 
   739 
   287 
   680 
  4006 
  4564 
  5051 
  7034 
  2074 
   370 
   203 
    52 
    43 
  2546 
  1235 
  1186 
  1726 
   668 
  3338 
  4272 
  4214 
   744 
   209 
    35 
    43 
   967 
   117 
  2081 
  3484 
    15 
    12 
  3158 
  2945 
  1962 
   482 
   132 
    64 
   872 
   562 
   670 
    12 
    12 
    15 
  2899 
  2605 
  1240 
   549 
   187 
    82 
  12 
  12 
  12 
  28 
  17 
  36 
   9 
  42 
  11 
  11 
  12 
  15 
  12 
   9 
  11 
  12 
  12 
   8 
   9 
  12 
   9 
   9 
  11 
 181 
  11 
  12 
  12 
   8 
  11 
   9 
   9 
   9 
   8 
   9 
  11 
  11 
  11 
  11 
  13 
  12 
   9 
   9 
  12 
  11 
   8 
  11 
  12 
  16 
  12 
   8 
  11 
  11 
  12 
  12 
  11 
  12 
   9 
  11 
   9 
  11 
  13 
  12 
  12 
  12 
   9 
   9 
  11 
  11 
   9 
  11 
   8 
   9 
  13 
   9 
  12 
  11 
   9 
  12 
  11 
  11 
  11 
  11 
  11 
  12 
   9 
  11 
  12 
  13 
  11 
   9 
   9 
   9 
  13 
   9 
  11 
  13 
  20 
 382 
 560 
 336 
 379 
 310 
  17 
  62 
 113 
 109 
 105 
  20 
  23 
  16 
  12 
  15 
  13 
   9 
  11 
  16 
  11 
  12 
  11 
  16 
  15 
  15 
  16 
  13 
  13 
  16 
  15 
  16 
  12 
  16 
  12 
  15 
  17 
  19 
  13 
  23 
  16 
  16 
  15 
  15 
  12 
  16 
  19 
  20 
  17 
  12 
  12 
  17 
  13 
  15 
  17 
  23 
  12 
  11 
  16 
  27 
  25 
  15 
  15 
  15 
  13 
  13 
  11 
  12 
  19 
  17 
  42 
  62 
  26 
  13 
  12 
  16 
  16 
  12 
  12 
  15 
  13 
  12 
  15 
  16 
  17 
  12 
  13 
  12 
  15 
  12 
  13 
  13 
  12 
  13 
  15 
  17 
  8 
  9 
 11 
 13 
 53 
 36 
  7 
 30 
 15 
 79 
 54 
 12 
 11 
  8 
  8 
 11 
  9 
  7 
  9 
 12 
  8 
  8 
 11 
  9 
  9 
  9 
 11 
  9 
 11 
  9 
  9 
 12 
  8 
  9 
 11 
 11 
  9 
  8 
  8 
  9 
 11 
  8 
  9 
  9 
  9 
  8 
 11 
  8 
 12 
 15 
 12 
  8 
  9 
  9 
  9 
 11 
  9 
 12 
  9 
  9 
  9 
  8 
 12 
  7 
  8 
  7 
  8 
 11 
  8 
  8 
  9 
 12 
 11 
  9 
  8 
 11 
  8 
 12 
  9 
  7 
 11 
  9 
  9 
  8 
 12 
 11 
 11 
 11 
 11 
  9 
  9 
 11 
  8 
 11 
 11 
  9 
 11 
 13 
  9 
 44 
 21 
 52 
 11 
 13 
  9 
 11 
 13 
  9 
 11 
 12 
 12 
  8 
  8 
  9 
  9 
  9 
 11 
 12 
  9 
 11 
  8 
  8 
 12 
  8 
 12 
  8 
  8 
  8 
  9 
  9 
  8 
 11 
 13 
  9 
  8 
  8 
 11 
 11 
 11 
  9 
  8 
 11 
 11 
  9 
  9 
  8 
  9 
  9 
  9 
 11 
 11 
 11 
  8 
  8 
 11 
 12 
  9 
 11 
  9 
 11 
  9 
  9 
  8 
  8 
 11 
 11 
 12 
  8 
 11 
  8 
  7 
  9 
  8 
  7 
 11 
 11 
  9 
  8 
 11 
 12 
 11 
 11 
  9 
  9 
  9 
 11 
  9 
  8 
 11 
 11 
 11 
 12 
   13 
  187 
   12 
 1086 
  234 
   16 
   11 
   23 
   56 
   16 
   20 
   48 
   15 
   11 
   17 
   15 
   16 
   17 
   15 
   15 
   16 
   15 
   13 
   16 
   12 
   11 
   19 
   15 
   12 
   17 
   19 
   17 
   16 
   12 
   11 
   13 
   11 
   12 
   15 
   13 
   12 
   16 
   13 
   16 
   16 
   12 
   13 
   13 
   13 
   13 
   15 
   16 
   12 
   13 
   15 
   13 
   11 
   21 
   16 
   13 
   11 
   13 
   15 
    9 
   13 
   15 
   16 
   12 
   15 
   13 
   11 
   16 
   13 
   12 
   11 
   12 
   16 
   11 
   11 
   12 
   15 
   12 
   15 
   12 
   13 
   13 
   15 
   15 
    9 
   13 
   11 
   12 
   12 
   15 
   12 
   11 
 11 
 12 
  9 
 15 
 46 
 30 
 11 
  9 
 38 
  9 
 13 
 15 
 12 
 12 
 11 
  8 
  9 
 11 
  8 
  9 
  9 
  9 
  9 
 11 
 12 
 11 
 11 
  9 
 11 
 12 
 11 
 11 
  9 
 11 
 11 
 11 
 13 
 11 
  7 
 12 
  8 
  9 
  8 
  8 
 11 
  8 
 11 
  9 
 11 
  9 
 11 
  8 
 12 
  5 
  7 
 11 
  9 
  8 
 11 
  8 
 12 
 11 
  8 
 11 
  9 
 12 
  9 
  9 
 11 
  9 
  8 
 12 
 19 
 19 
 11 
 19 
  8 
  9 
 12 
 11 
  7 
 11 
  9 
  9 
 15 
 12 
 11 
  7 
 11 
  8 
 12 
 11 
 11 
  8 
  9 
 12 
