  835 
 3371 
 3561 
 2321 
 3247 
 6361 
 5415 
 7446 
 3391 
 1574 
   28 
   28 
  152 
 1580 
 2513 
 4671 
 5295 
 2932 
 8995 
 9509 
 2010 
 2056 
  456 
   40 
   60 
  171 
 1058 
 1117 
 1921 
 3342 
 4045 
 1162 
   52 
   46 
  146 
   89 
  110 
  291 
 1149 
  193 
 2590 
 4438 
 2688 
  735 
  482 
   31 
   32 
   62 
   86 
  350 
  436 
 1412 
 2123 
 4836 
 5927 
 2307 
  973 
  216 
   86 
   60 
   82 
   86 
  138 
  219 
  664 
  665 
 1264 
  930 
 1899 
  317 
  107 
  180 
   48 
   72 
   52 
  416 
  286 
  315 
  370 
  310 
   82 
   46 
   31 
   40 
   30 
   70 
  156 
  170 
  159 
  178 
  114 
  157 
   52 
   34 
   34 
   17 
  2526 
  1534 
  3129 
  4562 
  4937 
  4615 
  6010 
  5370 
    40 
   310 
   169 
   242 
  5584 
 11966 
  1474 
 11274 
 15598 
 19314 
 15368 
 11516 
  9268 
  2145 
  1209 
    52 
   215 
   747 
  2029 
   954 
  8944 
  7575 
  6159 
  7649 
  3557 
   401 
    16 
    12 
  3534 
   544 
  3011 
  4578 
 10115 
  8764 
  6690 
  4355 
  1439 
   295 
    71 
    59 
   461 
   236 
   584 
  4577 
  6103 
  5867 
  8894 
  2802 
   440 
   153 
    47 
    38 
  2121 
  1004 
   995 
  1930 
   772 
  3789 
  5504 
  4756 
   734 
    52 
    38 
    39 
   632 
   126 
  2257 
  4005 
    13 
    15 
  3523 
  3315 
  2070 
   475 
    93 
    52 
   954 
   417 
   531 
    15 
    15 
    12 
  3115 
  2788 
  1009 
   482 
   140 
    71 
  12 
  11 
   8 
  41 
  16 
  37 
  12 
  47 
  20 
  12 
   8 
  11 
  13 
  12 
  12 
   9 
   9 
  11 
  12 
  11 
  11 
  13 
  12 
 192 
  11 
  11 
   8 
  11 
  11 
  11 
  12 
  11 
  11 
   9 
   9 
  11 
  11 
  13 
  11 
  13 
   9 
  13 
  12 
  11 
  12 
   8 
  11 
  11 
  12 
  11 
   9 
  15 
   9 
  11 
  11 
   9 
  12 
  11 
  12 
  12 
  11 
   8 
  11 
   9 
  11 
  11 
  11 
  11 
  12 
  11 
  11 
  12 
   9 
  12 
   9 
   8 
  11 
   9 
   8 
  11 
   9 
  13 
  12 
  12 
  12 
  11 
  12 
  15 
  12 
  12 
   9 
  12 
  12 
   8 
  11 
  12 
  19 
 374 
  56 
 494 
 299 
 311 
  17 
  55 
  72 
  90 
  46 
  20 
  23 
  20 
  13 
  11 
  15 
  11 
  12 
  15 
  17 
  15 
  13 
  19 
  13 
  19 
  17 
  17 
  15 
  12 
  19 
  13 
  13 
  19 
  15 
  17 
  15 
  23 
  16 
  19 
  16 
  17 
  16 
  15 
  16 
  24 
  19 
  19 
  16 
  13 
  15 
  19 
   9 
  16 
  16 
  23 
  15 
  16 
  16 
  30 
  28 
  20 
  16 
  20 
  13 
  15 
  11 
  12 
  13 
  19 
  44 
  60 
  26 
  15 
  15 
  12 
  13 
  12 
  15 
  16 
  15 
  16 
  17 
  17 
  24 
  12 
  16 
  11 
  15 
  13 
  13 
  12 
  12 
   9 
  20 
  20 
  19 
   8 
   9 
  12 
  36 
  36 
   9 
  17 
  20 
 176 
  15 
   9 
  13 
  11 
   9 
   9 
   8 
   9 
   9 
   9 
   9 
   9 
   9 
   9 
  11 
   9 
   8 
   8 
  11 
  12 
   8 
  11 
  11 
   9 
   9 
  11 
   9 
  12 
   9 
   8 
   8 
   8 
  11 
  12 
   9 
   9 
  12 
  12 
   9 
  11 
   9 
   8 
  12 
  11 
   9 
   9 
  12 
   9 
   9 
   9 
  11 
   9 
   9 
  12 
   7 
  12 
  11 
   9 
   9 
   8 
   8 
   9 
   9 
  11 
   8 
   8 
   9 
  11 
   9 
  12 
   9 
   9 
   9 
  11 
  11 
   9 
   9 
   9 
  11 
   9 
  12 
  12 
   8 
   8 
   9 
  12 
 12 
  9 
 28 
 38 
 19 
 38 
 12 
  9 
 11 
 12 
 11 
 11 
 11 
 11 
 11 
  9 
  9 
 11 
 11 
  8 
 11 
 11 
  9 
 11 
 11 
  9 
  8 
  9 
 11 
 12 
  9 
 11 
 12 
 11 
 11 
 15 
  8 
 11 
 12 
  7 
 12 
 12 
  9 
  8 
  9 
 13 
 11 
  9 
  9 
  8 
  9 
  8 
  8 
  8 
  8 
  9 
  8 
 11 
  9 
  9 
  9 
 11 
  8 
  9 
  8 
 12 
  8 
 13 
  9 
 11 
  8 
 11 
  9 
  9 
  9 
  9 
  8 
  8 
  9 
  8 
  8 
  9 
  8 
 12 
 12 
 13 
 11 
  8 
  8 
  9 
  8 
  9 
  9 
  8 
 11 
 12 
  12 
  15 
  16 
 664 
  70 
  12 
  16 
  28 
  51 
  11 
  13 
  68 
  12 
   9 
  17 
  16 
  15 
  15 
  15 
  15 
  19 
  15 
  16 
  19 
  15 
  12 
  16 
  12 
  13 
  15 
  16 
  15 
  13 
  15 
  15 
  16 
  11 
  15 
  17 
  15 
  13 
  17 
  12 
  16 
  15 
  11 
  13 
  12 
  13 
  17 
  13 
  16 
  15 
  16 
  12 
  12 
  11 
  20 
  12 
  13 
  13 
  13 
  16 
  12 
  15 
  11 
  13 
  12 
  12 
  15 
  13 
  16 
  19 
  13 
  13 
  17 
  13 
  13 
  12 
  12 
  13 
  13 
  13 
  15 
  16 
  12 
  16 
  15 
  12 
  12 
  12 
  11 
  13 
  11 
  12 
  15 
 13 
 11 
  9 
 12 
 57 
 19 
 11 
 12 
 36 
 13 
 13 
 11 
 13 
  9 
 11 
  8 
  8 
  9 
  8 
 13 
  8 
  9 
  9 
 11 
 13 
 11 
  9 
 11 
 11 
 12 
 11 
  9 
  9 
 11 
 11 
 11 
 11 
 12 
  7 
 12 
  8 
  9 
  9 
  9 
  9 
 11 
 12 
  9 
 15 
  9 
  8 
  9 
  7 
  8 
  8 
  9 
  9 
 11 
  9 
 11 
 11 
 12 
 11 
 11 
 11 
 11 
  8 
  8 
  9 
 12 
  9 
  9 
 15 
 16 
 11 
 20 
  9 
  9 
  8 
  9 
 11 
 12 
  9 
 12 
 12 
 11 
 12 
 12 
 11 
 12 
  9 
 11 
  9 
  9 
  8 
 11 
