   342 
  1195 
  1201 
  2837 
  3985 
  3313 
  4289 
  7850 
  2669 
   620 
    38 
    21 
   407 
  1694 
  3618 
  6475 
  8540 
  4545 
  8728 
 11443 
  2106 
  2460 
   397 
    32 
    38 
   220 
   452 
   392 
   975 
  2073 
  2456 
   356 
    44 
    63 
   134 
   101 
   250 
   605 
  1747 
   367 
  4328 
  9297 
  4026 
   695 
   994 
    64 
    66 
   105 
   242 
   517 
   958 
  2763 
  3606 
  7788 
  6574 
  2812 
  1541 
   494 
   196 
    66 
   256 
   352 
   326 
   529 
  1338 
  1322 
  2393 
  2620 
  1699 
   360 
   145 
   109 
    25 
    85 
    46 
   174 
   134 
   146 
   145 
   141 
    52 
    54 
    31 
    27 
    21 
    33 
    98 
    95 
    53 
    91 
    62 
   107 
    39 
    28 
    23 
    17 
  1633 
   714 
  1967 
  2551 
  4811 
  3734 
  3758 
  3249 
    25 
   217 
    70 
    64 
   411 
  3034 
  2930 
 11587 
 10432 
 14402 
 12359 
 11078 
  9153 
  1890 
  1020 
    83 
   424 
  1855 
  3451 
   537 
 13153 
 11526 
  6802 
 11306 
  5592 
   855 
    15 
    15 
    24 
   941 
  4517 
  7005 
 14972 
 12377 
  9046 
  5838 
  2036 
   803 
    90 
    82 
   952 
   497 
  1276 
  5324 
  5172 
  6765 
  7596 
  2965 
   609 
   369 
    54 
    50 
   221 
  1705 
  1962 
  2533 
  1005 
  4646 
  4572 
  4684 
   961 
   370 
    38 
    44 
  1147 
   191 
  2909 
  4689 
    13 
    15 
  3919 
  3652 
  2551 
   616 
   164 
    54 
  1102 
   870 
   902 
    11 
    13 
    13 
  3502 
  3401 
  1659 
   668 
   266 
    89 
  13 
  15 
   8 
  21 
  13 
  64 
   9 
  12 
  17 
   9 
   9 
  12 
  11 
  12 
  11 
   9 
   9 
   9 
  11 
  11 
   9 
  11 
  11 
 208 
  13 
  11 
   9 
  11 
  11 
   8 
   9 
  11 
  11 
  11 
   8 
  11 
  12 
   9 
   8 
   9 
   8 
   9 
   8 
   8 
  11 
  11 
  11 
   9 
  12 
   8 
  11 
  12 
   9 
   9 
  11 
  11 
  12 
   9 
  11 
  13 
  11 
  11 
   9 
  11 
   8 
  11 
   9 
   8 
   9 
  11 
  11 
  11 
  11 
   9 
   9 
  11 
  12 
   8 
  11 
  11 
  11 
   8 
  11 
  12 
  11 
  12 
  13 
   9 
   9 
   7 
  12 
   9 
  15 
  12 
   9 
  12 
  21 
 608 
 540 
 477 
 457 
 290 
  13 
  91 
  62 
  75 
 266 
  20 
  20 
  19 
  12 
   9 
  11 
   8 
  12 
  12 
  13 
  13 
   9 
  17 
  16 
  12 
  12 
  17 
  13 
  16 
  19 
  13 
  16 
  17 
  12 
  15 
  12 
  21 
  17 
  19 
  11 
  17 
  12 
  13 
  16 
  15 
  15 
  16 
  19 
  12 
  17 
  19 
  11 
  13 
  13 
  21 
  15 
  15 
  13 
  27 
  29 
  20 
  12 
  13 
  13 
  13 
  15 
   9 
  17 
  20 
  46 
  75 
  25 
  13 
  15 
  16 
  15 
  15 
  15 
  15 
  15 
  12 
  13 
  17 
  19 
  12 
  11 
   9 
  13 
  13 
   9 
  11 
  11 
   9 
  15 
  20 
  13 
  11 
  11 
  15 
  25 
  29 
  11 
  15 
  24 
 129 
  12 
  11 
  12 
   7 
   8 
   8 
  12 
   8 
   7 
   9 
   8 
  13 
   5 
  11 
  11 
  11 
   9 
  11 
  11 
  11 
   8 
   9 
  11 
   8 
  11 
   9 
  12 
   9 
   8 
   5 
  11 
   9 
   9 
   8 
  12 
  11 
   9 
   8 
   9 
   9 
  13 
  12 
   7 
   9 
   8 
   9 
  11 
  12 
  11 
  12 
   9 
  11 
   9 
   9 
   8 
   7 
  11 
   9 
   9 
   8 
   8 
  11 
  12 
   8 
   9 
  11 
   9 
  11 
   9 
   9 
   9 
  11 
  12 
  13 
   9 
  11 
   9 
  11 
   8 
   8 
  11 
  11 
  11 
   9 
   9 
  11 
 13 
 13 
  8 
 41 
 23 
 44 
  8 
 11 
 12 
  8 
 11 
 12 
  9 
 11 
  9 
  9 
 12 
  8 
 12 
 12 
  8 
 13 
  9 
 12 
  9 
 12 
 11 
 11 
 11 
  9 
  8 
  9 
  8 
 11 
  9 
 11 
  9 
 12 
  7 
 11 
 11 
  8 
 11 
 12 
  9 
  9 
 11 
  9 
 13 
  9 
 11 
 11 
  8 
  9 
  9 
  8 
 12 
  9 
 11 
  8 
  8 
  9 
 11 
  9 
  9 
  9 
  7 
  9 
 12 
 11 
 12 
 11 
 11 
 11 
  9 
 11 
 11 
  8 
  8 
  9 
  8 
  9 
  8 
 12 
 11 
  9 
  9 
  8 
  9 
 11 
  9 
 12 
  9 
 12 
  8 
 12 
  12 
 113 
  16 
 791 
 458 
  17 
  11 
  25 
  48 
  13 
  16 
  58 
  12 
  12 
  16 
  12 
  19 
  16 
  16 
  16 
  15 
  13 
  15 
  15 
  13 
   9 
  15 
  11 
  11 
  15 
  21 
  13 
  16 
  16 
  13 
  12 
  12 
  12 
  16 
  11 
   9 
  12 
  12 
  12 
  13 
  13 
  11 
  11 
  13 
  15 
  15 
  15 
  12 
  13 
  13 
  12 
  13 
  20 
  16 
  11 
  11 
  13 
  12 
  11 
  13 
  13 
  15 
  12 
   9 
  11 
  19 
  13 
  15 
  11 
  12 
  15 
  12 
  11 
  13 
  12 
  11 
  11 
  12 
  13 
  12 
  11 
  15 
  15 
  12 
  12 
  13 
  12 
  16 
  16 
  13 
  12 
 12 
 11 
 12 
  9 
 20 
 26 
 12 
 12 
 38 
 11 
 11 
 11 
  9 
 12 
  8 
 13 
  9 
  8 
  9 
  9 
 12 
  8 
 11 
 15 
 13 
 12 
  9 
 11 
  7 
  9 
  9 
  8 
  8 
 12 
  8 
  9 
 12 
  9 
  9 
 11 
  8 
  8 
 11 
 11 
  9 
  9 
 11 
 11 
 11 
  8 
 12 
  9 
  8 
  8 
  8 
  8 
  9 
  9 
 11 
 11 
 12 
 11 
 12 
  9 
  8 
 11 
  7 
  8 
 11 
 11 
  9 
  9 
 13 
 15 
 11 
 23 
  8 
  7 
  9 
  5 
 11 
  8 
  9 
 11 
 12 
 11 
 11 
  9 
  9 
 12 
 13 
  9 
  9 
 11 
 11 
 13 
