   886 
  5709 
  6502 
  4142 
  6237 
  9028 
  9117 
 13740 
  6120 
  2202 
    21 
    27 
    97 
  1223 
  2000 
  3638 
  4403 
  2481 
  6583 
  8642 
  1831 
  1373 
   408 
   121 
   109 
   319 
  1877 
  1580 
  3165 
  5463 
  6234 
  3140 
   118 
    51 
   173 
    74 
    73 
   238 
  1103 
   442 
  2902 
  4598 
  3087 
  1816 
   686 
    38 
    28 
    36 
    73 
   403 
   354 
  1612 
  3044 
  4932 
  5735 
  3166 
   914 
   149 
    54 
    35 
    49 
    69 
   140 
   233 
   975 
   666 
  1879 
  1107 
  2265 
   301 
    76 
    56 
    52 
    48 
    48 
   534 
   434 
   445 
   497 
   460 
    97 
    39 
    34 
    42 
    44 
    87 
   200 
   241 
   200 
   254 
   161 
   156 
    67 
    39 
    27 
    16 
  4970 
  1665 
  4920 
  6661 
  9331 
  8222 
  8850 
  9282 
    36 
   345 
   297 
   216 
  3369 
  7175 
  1372 
  7577 
 10666 
 12525 
 11937 
  7965 
  6810 
  2090 
  2334 
   150 
   160 
   490 
  2337 
  1196 
  8311 
  8645 
  6815 
 11180 
  4473 
   306 
    15 
    13 
  1766 
  1053 
  3520 
  5887 
  9840 
  9379 
  8665 
  6418 
  1547 
   228 
    47 
    34 
   302 
   227 
   703 
  4307 
  7912 
  7290 
  9476 
  4205 
   521 
    93 
    39 
    30 
   923 
   632 
  1028 
  2247 
   966 
  4227 
  5798 
  4696 
   637 
   103 
    48 
    32 
   466 
   155 
  2196 
  4285 
    13 
    13 
  3628 
  3767 
  1955 
   350 
    98 
    36 
  1070 
   323 
   446 
    15 
    15 
    15 
  2955 
  2635 
   753 
   334 
    93 
    48 
   9 
   8 
  11 
  28 
  17 
  34 
  13 
  36 
  20 
   8 
  15 
  12 
  12 
  12 
  11 
   8 
   9 
  11 
   7 
  11 
  12 
   9 
  11 
 149 
  12 
   9 
  11 
  11 
   9 
   8 
  11 
  12 
   8 
  13 
   9 
  12 
   8 
   9 
   9 
  11 
   9 
   9 
  19 
   8 
   9 
   7 
  13 
  12 
   9 
  11 
   9 
   9 
  11 
   9 
  11 
  12 
   9 
   8 
   8 
  13 
  11 
  11 
  11 
  12 
   8 
   9 
  11 
  11 
   9 
   8 
  12 
  12 
  13 
  12 
  11 
   8 
  11 
   9 
   9 
  11 
  12 
  11 
   9 
  11 
   9 
   9 
  11 
  11 
  11 
  13 
  12 
   9 
  11 
  11 
   8 
  13 
  20 
 400 
  78 
 354 
 359 
 364 
  13 
  70 
  58 
 121 
  66 
  25 
  20 
  21 
  13 
  12 
  11 
  13 
  15 
  11 
  12 
  13 
  15 
  20 
  16 
  15 
  17 
  16 
  13 
  16 
  15 
  13 
  15 
  21 
  13 
  13 
  16 
  21 
  15 
  21 
  19 
  17 
  16 
  19 
  17 
  13 
  24 
  19 
  19 
  15 
  15 
  15 
  12 
  12 
  13 
  24 
  15 
  17 
  17 
  32 
  32 
  21 
  20 
  15 
  12 
  13 
  11 
  13 
  16 
  20 
  46 
  70 
  26 
  16 
  15 
  15 
  11 
  15 
  16 
  15 
  12 
  12 
  13 
  13 
  23 
  13 
  13 
  11 
  17 
  11 
   9 
  12 
  12 
   9 
  20 
  16 
  12 
  12 
   9 
  16 
  33 
  33 
   8 
  15 
   9 
 113 
  12 
  12 
  11 
  11 
  12 
   8 
  11 
   7 
  11 
   8 
  11 
  12 
  12 
  12 
   9 
   8 
  11 
   8 
  11 
   8 
  11 
  11 
   9 
   8 
  11 
  11 
  11 
   9 
   9 
  11 
   9 
  11 
  11 
   7 
   9 
  11 
   9 
  13 
  11 
   9 
   9 
  11 
   9 
   8 
   8 
   9 
   8 
   9 
  12 
   9 
  11 
  11 
   9 
  11 
   9 
  11 
  11 
   9 
   9 
   9 
  13 
  12 
   8 
  11 
   8 
   9 
  11 
  12 
   9 
  11 
  12 
  11 
  13 
  13 
  11 
   9 
  11 
  12 
  11 
   9 
  13 
   8 
  11 
   9 
   9 
  11 
 11 
 12 
  9 
 36 
 28 
 37 
 11 
 13 
 12 
 13 
  8 
 13 
 11 
 12 
  9 
  8 
 11 
  9 
 13 
 11 
 12 
  9 
 11 
 11 
 13 
 11 
 11 
  9 
 11 
 13 
 11 
  9 
  9 
 12 
  8 
  9 
 11 
 11 
 11 
  7 
 11 
  9 
  7 
  8 
  9 
  8 
 11 
  9 
 11 
  8 
  7 
  7 
  9 
  9 
  9 
  8 
 12 
 11 
  9 
 12 
  9 
  9 
  8 
  9 
  8 
 11 
  8 
  9 
  9 
 11 
  9 
 15 
 11 
 11 
  9 
  9 
  9 
  8 
 11 
  9 
  9 
  9 
 12 
  9 
 11 
  9 
  8 
  9 
  9 
  9 
  9 
  9 
  7 
  9 
  9 
 12 
  13 
  13 
  12 
 354 
  83 
  15 
  12 
  20 
  36 
  13 
  15 
  43 
  11 
  12 
  19 
  13 
  16 
  15 
  17 
  16 
  15 
  13 
  13 
  15 
  13 
  11 
  17 
  13 
  15 
  15 
  20 
  13 
  15 
  19 
  13 
  15 
  12 
  15 
  15 
  16 
  15 
  13 
  11 
  15 
  13 
  12 
  12 
  15 
  11 
  15 
  12 
  17 
  12 
  16 
  13 
  13 
  13 
  21 
  15 
  13 
  11 
  12 
  19 
  12 
  12 
  12 
  12 
  13 
  11 
   9 
  17 
  15 
  13 
  12 
  13 
  12 
  12 
  12 
  13 
  11 
  13 
  12 
  13 
  11 
  13 
  13 
  15 
  13 
  12 
  13 
   9 
  13 
  13 
  15 
  13 
  15 
 13 
 12 
 13 
 16 
 24 
 32 
 11 
  9 
 40 
 12 
 12 
 11 
  9 
 12 
  9 
  7 
  9 
  8 
  9 
  9 
 11 
  9 
  9 
 13 
 15 
 11 
 11 
  9 
 11 
  9 
  9 
 13 
 11 
 13 
 11 
 12 
 12 
  9 
 12 
 11 
 11 
 12 
  8 
  9 
  9 
 13 
 12 
  9 
 11 
 11 
 12 
  9 
  9 
 11 
 11 
  9 
  9 
  9 
  9 
 13 
 12 
 11 
  9 
 13 
 11 
 11 
  8 
  9 
  8 
  9 
  8 
  9 
 19 
 17 
 12 
 24 
  7 
  9 
 11 
  7 
  9 
 11 
  9 
  9 
  9 
 12 
 15 
  8 
 12 
 11 
  8 
 11 
  9 
  8 
 13 
 11 
