  766 
 1863 
 1546 
 1750 
 2509 
 4166 
 3546 
 5195 
 2392 
  954 
   28 
   55 
  372 
 1092 
 2363 
 4852 
 6215 
 3284 
 8447 
 8522 
 1543 
 1772 
  299 
   36 
   36 
  131 
  576 
  586 
 1451 
 2615 
 2621 
  525 
   54 
   40 
  166 
   63 
  311 
  428 
  997 
  183 
 2484 
 5097 
 2508 
  219 
  535 
   51 
   81 
  149 
  314 
  318 
  587 
 1786 
 1982 
 4652 
 5739 
 1812 
  953 
  444 
  280 
  105 
  336 
  356 
  211 
  281 
  731 
  853 
 1178 
 1558 
 1007 
  299 
  168 
  161 
   28 
   65 
   42 
  166 
  110 
  132 
  134 
  126 
   51 
   42 
   31 
   30 
   19 
   40 
   87 
   93 
   65 
   86 
   68 
  123 
   43 
   36 
   20 
   15 
  1307 
  4138 
  2400 
  3289 
  3468 
  3193 
  5501 
  3926 
    36 
   293 
   161 
   221 
    19 
   556 
  2317 
 11576 
 11689 
 17013 
 11494 
 11084 
  8677 
  1573 
   407 
    44 
   358 
  1135 
  2227 
   657 
  9295 
  7466 
  5045 
  6697 
  3400 
   569 
    11 
    16 
    29 
   654 
  2737 
  4337 
 10162 
  8738 
  5778 
  3703 
  1408 
   522 
    90 
   134 
  1123 
   354 
   864 
  3801 
  3949 
  4724 
  6156 
  1792 
   436 
   262 
    58 
    62 
    13 
  1409 
  1288 
  1762 
   727 
  3310 
  3575 
  3850 
   652 
   362 
    36 
    66 
  1284 
   139 
  2159 
  3374 
    15 
    12 
  3004 
  2802 
  1902 
   489 
   208 
    87 
  1111 
   746 
   727 
    15 
    12 
    12 
  2687 
  2950 
  1303 
   552 
   262 
   121 
  13 
  12 
  11 
  36 
  24 
  53 
   9 
  11 
  12 
  12 
   9 
  11 
  11 
  11 
  11 
   9 
   9 
   8 
   8 
  11 
  11 
  11 
  13 
 290 
   9 
  12 
  11 
  11 
   8 
   8 
  11 
   9 
   9 
   9 
  11 
  12 
  11 
   9 
   9 
   8 
  11 
  11 
  11 
   8 
   8 
   7 
   9 
  12 
   8 
   9 
   8 
   9 
  12 
   8 
   7 
   9 
   8 
   9 
  11 
  11 
  11 
   9 
   9 
  12 
   8 
  11 
  12 
  13 
  11 
   9 
  12 
  11 
  11 
  11 
  12 
  11 
  12 
  11 
   8 
   8 
  11 
   7 
   9 
  12 
  11 
  11 
   9 
  11 
  11 
   9 
   9 
  15 
   8 
  11 
  12 
   9 
  23 
 751 
 477 
 293 
 355 
 313 
  20 
 168 
 144 
  64 
  35 
  20 
  23 
  19 
  12 
   9 
  13 
  11 
  12 
  11 
  13 
  13 
  11 
  16 
  15 
  15 
  15 
  17 
  13 
  15 
  12 
  15 
  13 
  19 
  13 
  13 
  16 
  17 
  13 
  21 
  13 
  19 
  15 
  16 
  19 
  15 
  21 
  16 
  17 
  12 
  13 
  15 
  13 
  15 
  16 
  17 
  17 
  16 
  15 
  25 
  24 
  17 
  15 
  17 
  12 
  13 
  15 
  15 
  12 
  16 
  42 
  60 
  24 
  11 
  12 
  13 
  13 
  13 
  16 
  15 
  16 
  13 
  16 
  13 
  16 
  11 
  13 
  13 
  11 
  12 
   9 
  11 
  13 
  11 
  15 
  15 
 11 
  9 
 12 
 15 
 45 
 32 
  9 
 12 
 64 
 82 
 32 
 11 
 12 
 11 
  9 
  9 
  8 
 11 
 11 
 11 
 11 
 11 
 11 
 11 
 13 
 11 
  8 
 11 
 11 
  9 
  8 
 11 
  9 
  8 
 11 
  9 
 12 
 11 
 11 
 11 
 11 
  8 
 13 
 11 
 11 
 13 
 12 
  9 
 11 
  9 
  9 
 11 
  7 
 15 
 13 
 11 
 11 
 11 
 12 
 12 
  8 
 11 
 11 
  9 
  9 
  8 
 11 
  9 
  9 
  8 
  8 
 11 
 11 
  8 
 11 
  8 
 11 
 11 
 11 
 11 
  9 
  9 
  8 
 11 
 13 
 11 
  9 
 11 
  8 
  9 
 11 
  9 
 12 
  9 
 12 
 11 
 12 
 13 
 11 
 48 
 32 
 60 
 11 
 12 
 46 
 11 
  9 
  9 
  9 
  9 
 11 
  9 
  9 
  9 
  8 
 11 
 11 
  9 
 12 
 12 
  8 
  9 
  9 
  8 
  9 
 12 
 11 
  7 
  9 
  9 
 12 
 11 
  9 
  9 
  8 
  9 
  9 
  9 
  9 
  8 
  9 
 11 
  8 
  7 
 11 
  9 
  9 
  7 
 11 
  7 
 11 
  8 
 12 
 11 
  9 
 12 
 12 
 11 
 11 
  9 
 11 
  7 
  7 
  7 
  8 
  8 
 11 
 13 
 11 
  8 
  8 
  8 
  8 
 11 
  9 
  8 
 12 
 12 
  9 
 11 
 11 
 12 
  9 
 11 
 11 
  8 
 11 
 11 
  8 
 11 
  9 
  9 
   9 
  12 
  16 
 737 
 484 
  15 
  11 
  20 
  52 
  17 
  28 
  44 
  13 
   9 
  13 
  13 
  15 
  16 
  13 
  15 
  13 
  15 
  15 
  17 
  12 
   9 
  12 
  15 
  13 
  16 
  19 
  11 
  16 
  17 
  13 
  15 
  13 
  11 
  17 
  13 
  16 
  12 
   9 
  15 
  12 
  13 
  15 
  12 
   8 
  16 
  13 
  17 
  13 
   9 
  15 
  12 
  16 
  21 
  13 
  13 
  13 
  12 
  16 
  12 
   8 
  12 
  12 
  11 
  11 
  12 
  13 
  13 
  17 
  12 
  15 
  13 
  13 
  12 
  12 
  11 
  11 
  11 
  13 
  13 
  12 
  15 
  13 
  15 
  12 
  12 
  12 
  12 
  16 
  12 
  13 
  15 
  9 
 11 
 12 
 15 
 24 
 34 
  9 
  9 
 36 
  9 
 12 
 11 
  9 
  9 
  8 
  7 
  8 
  9 
 11 
  9 
  9 
  9 
 12 
  9 
 13 
  9 
 11 
 12 
 11 
  9 
  9 
  9 
  9 
 11 
  8 
 12 
 15 
  8 
  8 
  7 
  8 
  9 
  8 
  8 
  9 
  9 
  8 
  9 
  9 
  8 
  8 
  9 
  8 
  8 
 11 
  9 
  7 
 11 
 11 
 13 
 12 
  8 
  7 
  9 
 12 
  9 
 12 
  9 
  9 
  7 
  9 
 12 
 13 
 16 
 11 
 23 
  7 
  9 
 11 
  9 
 11 
  8 
  9 
 11 
  9 
 12 
  8 
 11 
 11 
 12 
  9 
  9 
 12 
 11 
 11 
 12 
