   457 
  3537 
  3865 
  5254 
  8177 
  6838 
  9172 
 17153 
  5936 
  1609 
    24 
    15 
   290 
  3562 
  4991 
  8993 
 10750 
  5622 
 12707 
 17897 
  4042 
  3620 
   992 
    67 
    95 
   238 
  1062 
   990 
  1896 
  3791 
  4575 
  1790 
    62 
    46 
   101 
    90 
   195 
   715 
  2639 
   852 
  5737 
 12292 
  7037 
  3032 
  1176 
    81 
    58 
    75 
   123 
   956 
  1047 
  3663 
  4770 
 13623 
 12010 
  6563 
  2422 
   451 
   111 
    52 
   102 
   160 
   335 
   576 
  1555 
  1455 
  2843 
  2469 
  3969 
   671 
   181 
    83 
    40 
    69 
    56 
   440 
   332 
   371 
   389 
   364 
   111 
    62 
    35 
    32 
    33 
    60 
   139 
   154 
   138 
   160 
   109 
   118 
    48 
    28 
    27 
    16 
  3986 
  1424 
  3940 
  5296 
  9763 
  8061 
  6490 
  7462 
    38 
   254 
   177 
    99 
  5675 
 11476 
  2932 
 13850 
 17732 
 22703 
 30375 
 18208 
 14329 
  3405 
  4091 
   244 
   462 
  1563 
  5030 
   786 
 20633 
 17087 
 13291 
 21379 
  9019 
   973 
    16 
    17 
  3616 
  1198 
  7849 
 11913 
 23835 
 18615 
 17177 
 11283 
  3182 
   727 
   109 
    60 
   641 
   593 
  1478 
 13652 
 13733 
 13679 
 17279 
  8452 
  1062 
   286 
    83 
    47 
  2427 
  1722 
  2229 
  4435 
  1606 
  8734 
 11667 
  8565 
  1236 
    89 
    64 
    39 
   845 
   318 
  4764 
  8944 
    17 
    17 
  6633 
  6740 
  4007 
   800 
   153 
    46 
  1576 
   751 
   853 
    17 
    16 
    15 
  5947 
  5366 
  1688 
   805 
   255 
   111 
  12 
   9 
  12 
  15 
  13 
  26 
  13 
  17 
  15 
  12 
  12 
  12 
  13 
  12 
  11 
   9 
  12 
   9 
   9 
  11 
  12 
   9 
  11 
 197 
  11 
  11 
   8 
  12 
  11 
   8 
  11 
  11 
  11 
  12 
   9 
  15 
  12 
   9 
   8 
  11 
   9 
  11 
   8 
   9 
   9 
   9 
   9 
  12 
  12 
  13 
  11 
   9 
   9 
  12 
  12 
   9 
  11 
   9 
  12 
  11 
  12 
  12 
  11 
  11 
  11 
   9 
   9 
  11 
  11 
   9 
  11 
  11 
  13 
  12 
   9 
   7 
  11 
  11 
  13 
  13 
   8 
  12 
  11 
  15 
  12 
  13 
  12 
  12 
  11 
  12 
  13 
  11 
  15 
  12 
  11 
  13 
  21 
 351 
  48 
 228 
 166 
 211 
  12 
  97 
  40 
  95 
  35 
  36 
  25 
  17 
  12 
  13 
  13 
   9 
   9 
  13 
  13 
  13 
   9 
  13 
  15 
  17 
  15 
  16 
  13 
  13 
  13 
  12 
  15 
  20 
  15 
  15 
  16 
  26 
  15 
  19 
  16 
  17 
  15 
  13 
  16 
  19 
  21 
  21 
  19 
  15 
  16 
  20 
  17 
  13 
  15 
  21 
  13 
  15 
  16 
  35 
  33 
  24 
  13 
  13 
   9 
  15 
  12 
  15 
  17 
  17 
  52 
  83 
  33 
  13 
  15 
  16 
  13 
  13 
  16 
  19 
  15 
  12 
  16 
  13 
  21 
  12 
  11 
  12 
  15 
  11 
  12 
  11 
  11 
  11 
  17 
  20 
  17 
   9 
   8 
  11 
  21 
  23 
  12 
  11 
  12 
 229 
  15 
  12 
   9 
  11 
  11 
  11 
   9 
  11 
   8 
   9 
   8 
  11 
   9 
   9 
   9 
   9 
   7 
   9 
   9 
   8 
   7 
  11 
   9 
   8 
   8 
   8 
  11 
   8 
   9 
   9 
   8 
   9 
   9 
  11 
   8 
  12 
   9 
  13 
   9 
   7 
  11 
  11 
   9 
   9 
   8 
  11 
  11 
   9 
  12 
  11 
  11 
   9 
  11 
   5 
   8 
   9 
  11 
   8 
   9 
   9 
   9 
  11 
   9 
   8 
  11 
  12 
   8 
   8 
   8 
   9 
   9 
   8 
  11 
  11 
   9 
   9 
  11 
  11 
   8 
  11 
   9 
   9 
  11 
   7 
   8 
  11 
 11 
  8 
 11 
 17 
 23 
 36 
 13 
 11 
 12 
 11 
 13 
 13 
  9 
 11 
  9 
 11 
  9 
  8 
  9 
 11 
  9 
 12 
 13 
  9 
 11 
 13 
 11 
 11 
 11 
  8 
 11 
  9 
  8 
  9 
  9 
 12 
 12 
  9 
  8 
  9 
  9 
  9 
  7 
  8 
 12 
 11 
  8 
  9 
 13 
  8 
  8 
 11 
  8 
 11 
 11 
  9 
  8 
  9 
 12 
 11 
 12 
  8 
 11 
 11 
  8 
  9 
  8 
 13 
  9 
  8 
 11 
 11 
  9 
  8 
  9 
  9 
  9 
  9 
  9 
  9 
  8 
  8 
  9 
 13 
  9 
  9 
  9 
  9 
 11 
  9 
 11 
  9 
  8 
 11 
  8 
 11 
  15 
  15 
  15 
 762 
  98 
  17 
  12 
  17 
  24 
  19 
  16 
  76 
  12 
  13 
  13 
  15 
  15 
  13 
  16 
  19 
  12 
  13 
  16 
  15 
  13 
  13 
  20 
  13 
  11 
  13 
  20 
  16 
  20 
  13 
  15 
  13 
  13 
  16 
  16 
  12 
  16 
  13 
  12 
  13 
  16 
  15 
  11 
  16 
  13 
  16 
  16 
  17 
  11 
  17 
  11 
  12 
  13 
  20 
  17 
  12 
  13 
  12 
  19 
  11 
  12 
  13 
  15 
  12 
  15 
  12 
  16 
  16 
  12 
   9 
   9 
  15 
  11 
  13 
   9 
  13 
  12 
  13 
  13 
  12 
  12 
  12 
  13 
  16 
  11 
  13 
  16 
  12 
  16 
   9 
  12 
  12 
  9 
 12 
  9 
 12 
 20 
 21 
  9 
  8 
 31 
  9 
 15 
 12 
 13 
  9 
  8 
  8 
  9 
  9 
  9 
  9 
  9 
  9 
  9 
  8 
 15 
 12 
 11 
  8 
  9 
  8 
  8 
  8 
  9 
  5 
 12 
 15 
 12 
 11 
  9 
 12 
  9 
 12 
 12 
 11 
 12 
  9 
 12 
 12 
 12 
 13 
  9 
 11 
  9 
  9 
  7 
  9 
  9 
 11 
  9 
 12 
 12 
  8 
  8 
 11 
  9 
  9 
 12 
  8 
  9 
  9 
 12 
  9 
 15 
 16 
  8 
 23 
 11 
  8 
  9 
  9 
 11 
  8 
 11 
  8 
  9 
 11 
 11 
  9 
  9 
  7 
 11 
 12 
 11 
 11 
 11 
 11 
