   954 
  4186 
  4285 
  4246 
  6059 
  7841 
  8414 
 14022 
  5643 
  2115 
    34 
    42 
   107 
  1325 
  2241 
  3683 
  4640 
  2259 
  5715 
  7422 
  1506 
  1499 
   302 
    31 
    65 
   315 
  1449 
  1427 
  2599 
  4422 
  6328 
  1670 
    58 
    64 
   191 
   127 
    73 
   282 
  1241 
   246 
  3345 
  5068 
  2465 
  1099 
   643 
    30 
    32 
    51 
    74 
   424 
   477 
  1492 
  3207 
  4435 
  4496 
  1741 
  1131 
   172 
    81 
    47 
    69 
    85 
   180 
   281 
  1097 
   698 
  1997 
  1137 
  1968 
   285 
    90 
   132 
    40 
    70 
    45 
   355 
   249 
   264 
   291 
   266 
    72 
    62 
    36 
    39 
    29 
    76 
   172 
   164 
   147 
   197 
   127 
   166 
    59 
    40 
    30 
    17 
  3888 
  2293 
  4393 
  5871 
  9173 
  7479 
  8191 
  8281 
    31 
   364 
   250 
   240 
  4047 
  7706 
  1121 
  7010 
  9840 
 10696 
  9137 
  7084 
  5905 
  1380 
  1663 
    71 
   147 
   774 
  2616 
  1223 
  8058 
  8281 
  5696 
  9511 
  4234 
   421 
    16 
    11 
  2747 
   423 
  3096 
  5264 
  9275 
  8919 
  7219 
  4758 
  1474 
   353 
    59 
    42 
   358 
   220 
   578 
  3069 
  4619 
  5688 
  6447 
  2495 
   325 
   127 
    31 
    25 
  1599 
   776 
   945 
  1525 
   762 
  3347 
  3738 
  3226 
   678 
    43 
    31 
    31 
   525 
    97 
  1828 
  3567 
    13 
    15 
  2769 
  2569 
  1710 
   352 
    68 
    32 
   786 
   332 
   485 
    15 
    12 
    15 
  2425 
  2264 
   867 
   353 
   101 
    50 
  13 
  11 
  12 
  23 
  26 
  56 
  11 
  39 
  21 
  12 
  12 
   9 
  12 
  12 
   9 
  12 
  13 
  11 
   9 
  12 
  12 
  12 
  13 
 162 
   8 
   8 
  12 
   9 
  11 
  12 
  12 
  13 
  11 
   9 
   7 
   9 
   9 
  12 
   9 
   8 
   9 
  12 
   8 
   9 
  11 
  13 
   8 
  11 
  12 
  11 
  11 
  11 
   9 
   8 
  11 
  12 
   9 
  12 
  11 
  12 
   9 
  12 
   9 
  11 
   8 
  12 
  12 
   8 
  11 
   9 
   9 
  11 
   9 
   9 
  11 
   9 
   9 
  11 
   9 
  12 
   9 
  11 
   9 
  12 
   9 
  13 
  11 
   9 
  11 
  12 
  11 
  11 
  11 
   9 
   8 
  12 
  21 
 424 
 424 
 440 
 140 
 364 
  16 
  44 
 106 
  86 
  52 
  25 
  19 
  17 
  13 
  15 
  15 
  11 
  13 
  12 
  12 
  13 
  12 
  16 
  16 
  17 
  15 
  17 
  12 
  15 
  19 
  19 
  17 
  20 
  16 
  15 
  16 
  21 
  17 
  21 
  16 
  21 
  15 
  11 
  16 
  27 
  19 
  19 
  19 
  15 
  15 
  17 
  15 
  16 
  16 
  19 
  15 
  13 
  15 
  23 
  32 
  19 
  15 
  16 
  12 
  15 
  11 
  15 
  19 
  15 
  42 
  64 
  29 
  15 
  13 
  15 
  12 
  15 
  16 
  16 
  15 
  15 
  15 
  12 
  20 
  11 
  13 
  11 
  17 
  12 
   9 
  11 
  12 
   9 
  17 
  17 
  11 
  11 
  12 
  16 
  38 
  30 
   8 
  15 
  12 
 243 
  13 
   9 
  15 
   8 
   9 
   9 
   9 
   9 
  11 
   8 
   9 
   8 
   8 
  12 
   9 
  12 
   9 
   8 
  11 
  11 
  11 
  11 
   8 
   9 
  11 
   9 
  11 
  11 
   9 
   9 
  11 
  11 
   8 
   8 
   8 
   8 
   5 
  12 
   9 
  11 
   9 
  11 
   9 
  12 
  11 
   8 
  11 
   7 
   9 
  11 
   9 
  11 
   9 
   7 
  12 
  11 
  11 
   9 
   8 
   8 
   9 
   8 
  13 
   9 
  11 
   9 
   9 
   9 
  11 
   8 
   9 
   9 
   8 
   8 
  12 
  11 
  11 
  12 
  11 
   9 
   9 
  11 
   8 
   8 
  12 
  11 
 13 
 11 
  9 
 37 
 24 
 38 
 12 
 13 
 11 
 12 
 11 
 11 
 12 
 12 
 13 
  8 
  9 
  9 
 11 
 11 
 12 
  9 
 11 
 11 
 12 
  9 
 11 
 12 
 11 
  8 
  9 
 12 
  8 
  8 
 12 
 12 
 11 
  9 
  8 
  9 
 11 
  9 
  8 
  9 
 11 
  8 
  9 
  9 
 11 
  9 
  8 
  8 
  8 
  8 
 12 
 11 
  8 
  9 
 11 
 13 
 11 
 11 
  7 
  9 
  9 
 11 
  8 
  9 
  9 
  9 
 13 
 12 
 12 
  9 
  9 
  8 
  7 
  8 
  8 
 11 
  8 
 12 
  9 
  7 
 11 
 11 
  8 
  8 
  9 
  8 
  9 
 11 
 11 
  8 
  9 
 12 
  17 
  24 
  15 
 677 
 464 
  12 
  16 
  24 
  66 
  16 
  13 
  21 
  13 
  11 
  16 
  16 
  17 
  15 
  20 
  16 
  17 
  15 
  13 
  15 
   8 
  15 
  17 
  15 
  15 
  17 
  20 
  16 
  15 
  13 
  15 
  13 
  13 
  17 
  19 
   9 
  15 
  12 
  15 
  13 
  15 
  16 
  13 
  13 
  13 
  15 
  16 
  20 
  13 
  13 
  15 
  13 
  13 
  21 
  16 
  13 
  15 
  13 
  13 
  13 
  13 
  12 
  12 
  15 
  13 
  16 
  13 
  16 
  11 
  12 
  12 
  13 
  11 
  13 
  11 
  13 
  13 
  12 
  13 
  12 
  15 
  13 
  16 
  16 
  12 
  13 
  12 
  13 
  16 
  12 
  11 
  15 
 12 
 12 
 12 
 13 
 64 
 28 
 11 
 11 
 38 
 27 
 12 
 13 
  9 
 15 
 12 
 11 
 11 
  9 
  9 
 11 
  9 
 11 
 11 
 12 
 12 
 11 
 13 
  8 
  9 
  9 
 12 
  9 
  9 
  8 
  9 
 12 
 13 
  9 
 11 
  9 
  9 
  9 
  9 
 11 
 11 
  8 
 11 
 11 
 11 
 11 
  8 
 11 
  9 
  9 
 11 
  9 
  8 
  8 
  9 
  8 
 12 
 13 
  9 
 12 
 11 
  9 
 11 
 11 
  8 
 11 
 12 
  9 
 16 
 15 
 13 
 23 
 11 
 11 
  8 
  8 
  7 
 11 
  9 
  9 
 11 
 12 
  8 
 12 
 12 
 12 
 13 
 11 
 11 
 12 
  8 
 15 
