   382 
  1346 
  1455 
  2639 
  3867 
  3705 
  4258 
  7155 
  2431 
   611 
    23 
    52 
   356 
  2524 
  4708 
  7726 
  9664 
  4676 
 11994 
 14077 
  2719 
  3308 
   621 
    35 
    36 
   127 
   432 
   366 
   846 
  1592 
  2180 
   387 
    34 
    32 
    76 
    91 
   237 
   652 
  2183 
   332 
  4133 
  9421 
  4454 
   829 
   807 
    63 
    52 
   123 
   160 
   578 
   976 
  2551 
  3573 
  9224 
  8548 
  3220 
  1801 
   493 
   169 
    64 
   167 
   232 
   276 
   456 
  1184 
  1289 
  2185 
  2290 
  2363 
   458 
   176 
   161 
    38 
    87 
    48 
   283 
   193 
   236 
   252 
   219 
    74 
    60 
    31 
    31 
    24 
    42 
   121 
   117 
    82 
   123 
    81 
   134 
    47 
    32 
    21 
    16 
  1586 
   807 
  1816 
  2338 
  3879 
  3271 
  2834 
  2869 
    38 
   125 
    74 
    70 
  5862 
 12812 
  2444 
 14633 
 17269 
 22316 
 20349 
 16152 
 12249 
  2436 
  1262 
    82 
   438 
  1933 
  3438 
   462 
 15260 
 12024 
  8850 
 12652 
  5818 
   927 
    15 
    17 
  1975 
  1066 
  5100 
  7569 
 17191 
 13786 
 10302 
  6266 
  2245 
   774 
    83 
    83 
   817 
   523 
  1156 
  7500 
  6984 
  8326 
 10781 
  3853 
   613 
   336 
    64 
    51 
  2717 
  1864 
  1946 
  2783 
  1035 
  5523 
  6862 
  6170 
  1172 
   197 
    48 
    47 
  1062 
   185 
  3377 
  5766 
    17 
     9 
  4786 
  4521 
  3014 
   761 
   164 
    62 
  1107 
   837 
   970 
    13 
    15 
    12 
  4475 
  3959 
  1882 
   827 
   268 
   111 
  12 
  11 
   8 
  21 
  25 
  60 
  11 
  34 
  13 
  11 
  12 
   9 
  12 
  11 
  11 
  13 
   9 
   9 
  11 
   9 
  12 
  11 
  11 
 160 
  13 
   9 
   9 
  11 
   9 
  11 
   9 
  11 
  11 
  11 
  11 
  11 
  12 
  12 
   9 
   9 
  12 
  11 
   9 
  11 
  12 
  12 
   9 
  11 
  11 
  11 
   9 
  11 
   9 
   8 
  11 
  13 
   8 
   9 
  11 
  11 
  11 
   9 
  12 
  11 
   9 
   8 
   9 
  12 
  12 
   9 
  11 
  15 
  13 
   9 
  11 
  12 
   9 
   9 
  12 
  11 
   9 
   8 
  11 
   8 
   9 
  12 
  12 
  13 
   9 
   9 
   9 
  12 
   9 
  11 
  13 
  12 
  23 
 384 
 477 
 266 
 274 
 277 
  15 
 138 
  90 
  78 
  35 
  23 
  23 
  19 
  13 
  13 
   9 
  13 
  11 
  15 
  11 
  12 
  12 
  21 
  13 
  17 
  17 
  16 
  12 
  13 
  19 
  13 
  15 
  20 
  16 
  16 
  19 
  21 
  12 
  23 
  13 
  17 
  13 
  12 
  19 
  17 
  23 
  17 
  16 
  13 
  13 
  15 
  13 
  13 
  15 
  21 
  16 
  19 
  16 
  27 
  33 
  19 
  15 
  16 
  11 
  13 
  13 
  12 
  20 
  16 
  50 
  71 
  24 
  16 
  15 
  15 
  15 
  15 
  15 
  16 
  15 
  12 
  17 
  15 
  19 
  11 
  13 
  12 
  13 
  15 
  13 
  11 
  11 
  12 
  19 
  19 
 11 
  5 
 11 
 13 
 30 
 45 
 11 
 21 
 21 
 95 
 20 
 12 
 13 
 11 
  9 
 11 
 11 
 12 
  9 
 11 
 11 
 11 
 11 
 11 
  9 
  9 
  9 
 12 
 11 
  9 
  8 
  8 
 11 
  9 
  9 
 12 
 13 
 11 
  9 
  8 
 11 
  7 
  9 
  9 
  7 
 11 
 11 
  8 
 12 
  9 
  9 
  9 
  8 
 11 
  8 
  9 
 11 
  9 
 13 
 12 
 11 
  8 
  7 
 11 
  9 
  9 
  9 
 12 
  8 
  8 
  9 
 12 
 12 
 13 
  8 
  9 
  9 
  8 
 12 
  9 
  9 
  8 
  9 
  8 
 11 
 12 
 12 
  9 
  9 
  8 
  7 
 13 
  9 
 12 
 12 
 11 
 11 
 11 
  9 
 41 
 26 
 49 
 12 
 13 
 12 
  8 
  9 
  7 
  8 
  9 
 12 
 13 
  8 
  9 
  9 
 11 
 12 
 11 
  9 
 11 
  9 
 11 
 12 
  9 
  9 
 11 
 11 
  9 
  9 
 11 
  9 
 12 
  9 
  8 
  8 
  8 
  7 
  9 
  8 
  9 
  9 
 11 
  8 
 11 
  8 
 12 
  8 
  8 
  7 
  9 
 11 
  9 
 13 
  8 
 11 
  9 
 13 
 11 
  9 
  9 
 11 
  9 
  9 
  8 
  9 
 11 
 11 
  9 
  9 
  8 
  8 
 11 
 11 
  9 
 11 
  9 
  7 
 11 
  9 
 12 
 11 
 11 
  9 
  8 
  9 
  8 
  9 
  7 
 11 
 11 
  8 
  9 
  12 
  15 
  15 
 945 
 204 
 213 
  11 
  34 
  66 
  15 
  15 
  67 
  12 
  11 
  15 
  12 
  15 
  15 
  17 
  20 
  15 
  13 
  12 
  15 
  11 
  12 
  16 
  17 
  12 
  12 
  16 
  12 
  16 
  16 
  13 
  13 
  12 
  13 
  17 
   9 
  15 
  13 
  15 
  12 
  13 
  13 
  15 
  15 
  12 
  15 
  13 
  17 
  11 
  17 
  16 
  16 
  15 
  24 
  12 
  13 
  15 
  17 
  19 
  15 
  11 
  15 
  15 
  12 
  15 
  11 
  12 
  16 
  15 
  15 
   9 
  15 
  11 
  12 
   8 
  15 
  13 
  11 
  13 
  12 
  13 
  13 
  16 
  15 
  13 
  13 
  11 
  11 
  17 
  12 
  13 
  12 
 12 
 12 
  9 
 15 
 30 
 26 
  9 
 15 
 34 
  9 
 11 
 11 
  9 
 11 
 13 
 11 
  9 
  8 
 13 
 11 
  9 
  8 
 11 
 12 
 15 
  9 
 11 
 11 
  9 
  8 
  7 
  8 
  9 
 11 
 11 
  9 
 13 
  9 
  9 
 11 
  7 
 11 
 11 
 11 
 11 
  8 
 11 
 11 
 11 
  9 
  9 
  8 
  9 
  8 
  9 
  8 
  8 
  8 
 11 
 12 
 12 
 11 
 11 
 12 
 11 
 12 
  9 
  9 
  8 
  9 
  9 
  9 
 16 
 20 
 12 
 21 
  9 
  9 
  9 
 11 
  7 
  9 
 11 
  9 
  9 
 13 
 12 
  9 
  9 
  7 
  9 
 12 
  9 
 11 
 11 
 11 
