   486 
  1114 
  1069 
  1947 
  2718 
  3199 
  3229 
  5332 
  1907 
   527 
    36 
    21 
   429 
  1537 
  3329 
  6205 
  8111 
  4124 
  9603 
 11180 
  1946 
  2306 
   389 
    35 
    33 
   140 
   400 
   340 
   788 
  1677 
  1789 
   264 
    34 
    38 
   106 
    76 
   309 
   551 
  1458 
   291 
  3514 
  7698 
  3469 
   419 
   811 
    58 
    74 
   130 
   302 
   437 
   827 
  2468 
  2791 
  7005 
  6855 
  2504 
  1331 
   511 
   240 
    78 
   314 
   392 
   293 
   437 
  1023 
  1152 
  1766 
  2249 
  1356 
   342 
   168 
   122 
    29 
    77 
    44 
   185 
   122 
   142 
   152 
   144 
    54 
    51 
    32 
    30 
    17 
    37 
    85 
    91 
    58 
    86 
    59 
   113 
    36 
    28 
    20 
    13 
  1147 
   796 
  1551 
  2278 
  3105 
  2588 
  3322 
  2451 
    31 
   183 
   109 
   157 
   114 
  1761 
  2844 
 12794 
 12297 
 17731 
 13740 
 12528 
  9781 
  1882 
   632 
    63 
   423 
  1612 
  2967 
   442 
 12080 
  9963 
  6463 
  9388 
  4606 
   757 
    17 
    13 
    26 
   862 
  3779 
  5935 
 13493 
 11134 
  7785 
  4938 
  1833 
   695 
   107 
   114 
  1111 
   484 
  1162 
  5138 
  4803 
  6152 
  7473 
  2519 
   562 
   338 
    72 
    56 
    20 
  1676 
  1747 
  2280 
   897 
  4251 
  4526 
  4775 
   867 
   407 
    39 
    54 
  1289 
   167 
  2758 
  4266 
    13 
    11 
  3775 
  3532 
  2401 
   585 
   217 
    85 
  1175 
   889 
   882 
    15 
    12 
    12 
  3400 
  3593 
  1627 
   656 
   306 
   114 
  12 
  11 
  11 
  25 
  20 
  46 
  11 
  13 
  15 
   9 
  15 
  12 
  16 
   8 
   8 
  11 
  12 
  11 
  11 
   9 
   9 
  12 
   9 
 254 
  12 
  13 
  12 
   8 
   9 
  11 
   9 
   9 
   9 
   9 
   9 
  12 
  13 
  11 
  16 
  11 
  12 
  11 
   9 
  11 
   8 
  11 
  12 
  13 
   9 
  11 
  11 
  13 
  11 
   9 
   9 
  12 
  11 
   9 
   9 
  12 
  11 
  11 
  11 
   9 
  13 
  13 
  11 
   9 
  11 
   9 
  11 
  16 
  13 
   9 
  11 
   9 
  12 
  11 
  11 
  12 
  11 
   9 
   9 
  12 
   9 
  11 
  11 
  13 
  11 
  12 
  12 
  11 
  11 
  11 
  12 
  11 
  20 
 388 
 245 
 311 
 453 
 322 
  17 
  55 
 101 
  47 
  78 
  20 
  19 
  19 
  13 
  11 
  12 
   9 
  13 
  11 
  13 
  15 
   9 
  17 
  16 
  13 
  13 
  15 
  16 
  15 
  13 
  13 
  13 
  17 
  16 
  13 
  17 
  21 
  13 
  16 
  16 
  13 
  13 
  12 
  15 
  15 
  17 
  17 
  13 
  12 
  11 
  16 
  12 
  12 
  17 
  19 
  15 
  15 
  12 
  25 
  25 
  20 
  16 
  17 
  15 
  13 
  13 
  13 
  15 
  17 
  43 
  64 
  29 
  13 
  13 
  12 
  13 
  13 
  15 
  16 
  15 
  11 
  16 
  12 
  16 
  11 
   9 
  12 
  13 
  13 
  12 
  13 
  15 
   8 
  15 
  15 
 11 
 11 
  8 
 13 
 38 
 26 
  9 
 20 
 16 
 68 
 32 
 11 
 12 
  8 
 11 
  9 
  9 
  8 
 11 
 12 
  9 
  8 
 11 
 11 
 12 
  9 
  9 
 11 
  8 
  8 
  9 
  8 
  9 
  9 
 11 
  9 
  9 
 11 
  7 
  8 
  8 
  8 
  8 
  8 
  9 
  9 
 11 
  8 
 11 
  7 
 11 
 11 
  9 
  9 
  9 
 11 
 11 
  9 
  9 
  8 
 13 
  9 
  9 
  9 
  8 
  9 
 12 
  8 
  7 
  7 
 11 
 12 
  9 
  7 
  8 
  9 
  9 
 11 
  9 
  9 
  8 
  8 
 12 
 11 
 11 
  8 
 12 
  8 
  8 
 13 
 11 
  9 
 11 
  9 
  9 
 12 
 11 
  8 
  8 
 38 
 24 
 46 
 13 
 13 
 12 
 11 
 12 
  8 
 12 
 11 
 11 
 12 
  8 
  8 
 11 
  9 
  9 
  9 
  8 
  8 
  9 
 12 
  8 
 11 
 11 
  8 
  8 
 12 
  9 
  8 
  9 
  9 
 12 
  9 
 11 
 12 
  9 
 12 
  9 
  7 
  9 
 11 
 12 
 11 
 11 
 12 
  9 
  7 
  9 
  8 
  9 
  7 
  9 
  9 
  8 
  9 
 11 
  9 
  9 
  9 
  9 
  7 
  9 
  8 
  8 
 11 
 11 
 12 
  9 
  9 
  9 
 11 
  7 
 11 
 11 
  7 
  8 
 12 
 12 
  8 
  9 
  7 
  9 
  9 
 12 
 11 
 11 
  9 
 11 
  9 
 11 
 12 
  12 
  13 
  17 
 669 
 334 
  16 
  11 
  19 
  51 
  12 
  16 
  36 
   9 
  12 
  15 
  15 
  16 
  15 
  19 
  16 
  16 
  15 
  13 
  15 
  13 
  15 
  17 
  13 
  13 
  15 
  23 
  11 
  16 
  17 
  13 
  15 
  16 
  15 
  17 
  12 
  13 
  13 
  11 
  16 
  13 
  15 
  12 
  11 
  13 
  12 
  11 
  19 
  13 
  15 
  15 
  12 
  16 
  20 
  13 
  16 
  11 
  13 
  16 
  15 
  13 
  12 
  15 
  13 
  12 
  13 
  13 
  11 
  16 
  16 
  12 
  16 
  12 
  13 
  11 
  13 
  13 
   9 
  15 
  12 
  16 
  11 
  13 
  16 
  12 
  13 
  12 
  13 
  16 
  11 
  12 
  16 
 12 
 12 
 11 
 12 
 30 
 30 
 13 
 11 
 39 
 13 
  9 
 11 
 11 
 12 
 11 
  8 
 11 
  9 
  8 
  9 
  9 
  9 
 11 
 11 
 12 
  9 
  9 
  7 
 11 
  7 
  9 
  9 
 12 
  8 
  8 
 12 
 12 
  9 
 11 
  8 
  9 
  8 
  8 
 11 
 11 
 11 
  9 
  8 
  9 
  9 
  9 
  8 
  8 
  9 
  8 
 11 
  9 
 11 
  7 
 12 
 11 
 11 
 12 
 11 
 12 
 13 
  7 
 12 
  7 
  9 
  9 
  9 
 11 
 16 
  9 
 23 
 11 
 11 
  8 
  7 
  9 
  9 
  9 
  8 
 12 
 11 
 13 
  9 
 11 
 11 
 11 
 13 
  9 
 12 
  9 
 11 
