   784 
  5433 
  5992 
  6091 
  9448 
  9314 
 11319 
 21562 
  7537 
  2324 
    25 
    20 
   201 
  2786 
  4146 
  6988 
  8864 
  4599 
  8442 
 14342 
  3481 
  2699 
   737 
    67 
   113 
   343 
  1767 
  1529 
  3032 
  5529 
  6768 
  2997 
   101 
    55 
   144 
   101 
   134 
   574 
  2402 
   852 
  5637 
 10737 
  5964 
  3212 
  1103 
    70 
    51 
    51 
    97 
   869 
   873 
  3281 
  5063 
 11327 
  9643 
  5382 
  2213 
   344 
    82 
    39 
    78 
   131 
   325 
   511 
  1629 
  1296 
  2949 
  2222 
  3699 
   549 
   126 
    44 
    41 
    54 
    49 
   456 
   344 
   389 
   405 
   372 
   105 
    58 
    34 
    44 
    40 
    74 
   179 
   215 
   181 
   211 
   137 
   149 
    56 
    34 
    25 
    15 
  5556 
  1947 
  5297 
  7275 
 12867 
 10404 
  9399 
 10570 
    31 
   313 
   264 
   183 
  3774 
  6672 
  2271 
  8769 
 11122 
 12528 
 20460 
 11573 
  9458 
  2417 
  4516 
   251 
   311 
  1240 
  4915 
  1158 
 17033 
 15821 
 11767 
 21098 
  8507 
   762 
    13 
    13 
  2403 
  1073 
  7084 
 11304 
 19411 
 16329 
 16281 
 11216 
  2969 
   588 
    89 
    43 
   458 
   478 
  1292 
 10364 
 11549 
 12378 
 13395 
  7998 
   862 
   209 
    58 
    35 
  1632 
  1156 
  1863 
  3778 
  1526 
  7609 
  8995 
  6486 
  1044 
    76 
    64 
    28 
   695 
   253 
  3954 
  7841 
    16 
    15 
  5523 
  5574 
  3300 
   596 
   148 
    34 
  1387 
   552 
   748 
    16 
    13 
    15 
  4853 
  4398 
  1282 
   569 
   173 
    70 
  12 
  15 
  11 
  16 
  17 
  25 
  12 
  32 
  13 
   9 
   9 
  11 
   8 
   9 
  11 
   9 
   8 
   9 
   9 
  12 
   8 
  11 
   9 
 157 
  11 
   9 
   9 
   9 
   9 
   8 
   8 
  11 
   8 
  11 
  11 
  13 
   9 
  11 
  11 
  12 
   8 
   8 
   9 
  12 
  11 
   9 
   8 
   8 
  13 
  11 
   8 
   8 
   8 
  12 
   8 
   8 
  11 
   8 
  12 
  11 
  12 
  13 
   9 
  11 
  13 
   7 
   9 
  12 
   9 
   8 
  12 
  17 
  13 
   9 
   9 
  12 
   9 
  11 
  12 
  11 
  13 
   9 
   8 
   9 
   9 
  12 
   9 
  12 
  13 
  11 
  13 
  12 
  12 
   8 
   9 
   8 
  23 
 387 
 306 
 204 
 103 
 252 
  15 
  90 
  68 
  64 
  44 
  28 
  24 
  19 
  13 
  12 
  12 
   9 
  12 
  12 
  13 
  12 
  12 
  17 
  13 
  15 
  11 
  17 
  15 
  13 
  17 
  13 
  16 
  20 
  17 
  16 
  16 
  25 
  16 
  20 
  17 
  20 
  12 
  16 
  16 
  16 
  19 
  21 
  20 
  12 
  13 
  17 
  13 
  19 
  16 
  20 
  16 
  17 
  16 
  35 
  32 
  20 
  15 
  17 
  15 
  11 
   8 
  12 
  19 
  15 
  48 
  71 
  23 
  12 
  17 
  15 
  16 
  15 
  15 
  13 
  16 
  13 
  17 
  13 
  25 
  13 
  12 
  12 
  17 
  15 
   9 
  12 
  12 
  15 
  21 
  19 
 12 
  9 
  8 
 12 
 20 
 23 
 11 
 15 
  9 
 74 
 12 
 12 
 13 
  8 
  9 
 12 
  9 
  9 
  8 
  8 
  9 
 11 
  9 
  9 
  9 
  9 
 12 
  8 
  8 
 11 
  9 
  9 
  9 
  9 
  8 
  9 
 13 
  8 
  8 
  8 
  9 
  9 
  9 
  9 
 11 
  8 
 11 
  9 
 12 
 12 
  8 
  9 
  8 
  9 
  9 
 11 
 12 
  8 
 12 
  7 
 11 
 11 
  8 
  7 
 11 
  8 
  8 
  9 
  8 
 12 
 11 
 11 
  8 
  9 
 11 
 13 
 11 
  9 
  9 
 12 
  9 
  8 
  8 
 11 
 11 
 11 
  8 
 11 
 11 
  9 
 11 
  9 
  9 
 11 
 13 
 12 
 11 
  9 
 11 
 38 
 21 
 36 
 11 
 12 
 13 
 12 
  9 
  9 
 12 
 11 
  9 
  8 
 12 
 12 
  9 
 11 
 11 
  8 
 13 
 12 
 15 
  9 
 11 
  7 
 11 
  8 
  9 
 11 
  9 
  8 
  8 
 11 
 11 
  8 
  9 
 11 
  9 
  8 
  8 
 12 
 11 
 11 
 11 
  9 
 12 
 11 
  9 
 12 
 11 
  7 
 11 
  7 
  9 
  9 
  9 
  8 
 11 
 11 
  9 
  9 
  9 
 11 
  8 
  8 
  8 
 11 
 11 
 12 
 11 
 11 
  8 
  9 
  8 
  9 
 12 
 11 
  9 
 11 
  8 
 12 
 11 
 12 
 11 
  8 
 12 
  9 
 11 
  9 
 13 
  9 
  9 
 11 
  13 
  16 
  20 
 935 
 314 
  17 
  15 
  19 
  38 
  16 
  34 
  17 
  16 
  12 
  16 
  15 
  12 
  16 
  15 
  12 
  16 
  13 
  15 
  15 
  11 
  15 
  19 
  13 
  15 
  13 
  20 
  17 
  16 
  15 
  15 
  13 
  13 
  17 
  19 
  12 
  15 
  15 
  15 
  15 
  13 
  11 
  12 
  17 
  12 
  13 
  12 
  20 
  12 
  15 
  12 
  15 
  13 
  23 
  15 
  12 
  16 
  15 
  17 
  11 
  16 
  15 
  15 
  12 
  12 
  13 
  12 
  12 
  16 
  13 
  13 
  13 
  12 
  12 
  16 
  11 
  17 
  11 
  12 
  13 
  13 
  15 
  12 
  16 
  15 
  15 
  15 
  15 
  17 
  12 
  13 
  16 
 12 
  9 
 11 
  8 
 19 
 26 
 12 
 12 
 36 
 11 
 11 
 11 
 11 
 12 
  9 
  9 
  9 
 11 
 11 
  9 
 11 
  9 
  8 
 11 
 12 
 12 
 11 
  9 
  8 
  9 
  9 
 12 
  8 
 11 
 11 
 13 
 16 
 11 
  9 
  8 
  9 
  9 
  9 
  9 
  9 
  9 
  8 
 12 
  9 
 11 
 11 
 11 
  8 
  8 
  8 
 11 
  9 
 11 
 11 
 12 
 12 
 11 
  8 
 11 
 11 
  9 
  9 
  8 
 12 
  9 
  9 
  8 
 17 
 15 
 12 
 24 
  9 
  9 
  9 
  8 
  8 
 11 
  9 
 11 
 12 
 12 
 13 
 11 
  9 
  9 
  9 
 11 
  9 
  9 
  9 
  9 
