   819 
  3611 
  3814 
  4843 
  7091 
  7237 
  8675 
 16386 
  5696 
  2024 
    30 
    43 
   164 
  2064 
  3477 
  5429 
  7263 
  3548 
  6139 
  9966 
  2235 
  2083 
   417 
    28 
    68 
   331 
  1285 
  1289 
  2618 
  4289 
  6370 
  1542 
    51 
    76 
   178 
   138 
   109 
   476 
  2032 
   397 
  4840 
  8734 
  3740 
  1525 
   878 
    50 
    39 
    58 
    87 
   608 
   808 
  2457 
  4350 
  7296 
  5637 
  2469 
  1755 
   278 
    90 
    40 
    78 
   140 
   303 
   478 
  1653 
  1076 
  2818 
  1968 
  2629 
   360 
   111 
   103 
    37 
    81 
    44 
   315 
   212 
   246 
   260 
   228 
    78 
    62 
    43 
    34 
    30 
    65 
   167 
   156 
   138 
   197 
   107 
   165 
    52 
    38 
    30 
    17 
  3759 
  2155 
  4379 
  5728 
 10288 
  8000 
  7897 
  8136 
    24 
   326 
   219 
   201 
  3756 
  6525 
  1710 
  7022 
  8523 
  8747 
 10513 
  7709 
  6645 
  1547 
  2171 
   109 
   233 
  1388 
  3933 
  1172 
 11928 
 12035 
  7599 
 13893 
  6168 
   741 
    17 
    13 
  2530 
   656 
  4900 
  7769 
 13654 
 12171 
 10267 
  6643 
  2218 
   611 
    72 
    43 
   438 
   358 
   872 
  4887 
  5715 
  7686 
  7516 
  3708 
   479 
   239 
    40 
    27 
  1596 
  1097 
  1379 
  2137 
  1080 
  4719 
  4585 
  3863 
   894 
    67 
    43 
    27 
   620 
   144 
  2643 
  5307 
    13 
    12 
  3484 
  3315 
  2440 
   479 
    76 
    35 
   931 
   480 
   688 
    13 
    11 
    13 
  3173 
  3114 
  1219 
   493 
   132 
    50 
  11 
  11 
   9 
  21 
  17 
  36 
   9 
  32 
  13 
   9 
  11 
  12 
  15 
  11 
   9 
   9 
  11 
  11 
  11 
   9 
  11 
  12 
   9 
 264 
  13 
   9 
  11 
   8 
   9 
  11 
   9 
  13 
  11 
  11 
  11 
  12 
   9 
   8 
  13 
   8 
   9 
   9 
  11 
   9 
  12 
   9 
  12 
  11 
   9 
   9 
   9 
   8 
   8 
   8 
   9 
  12 
  11 
   9 
  11 
   9 
  12 
   8 
  11 
  15 
  11 
   8 
   9 
   8 
  12 
   9 
   9 
  12 
  13 
  12 
   9 
   9 
   8 
  11 
   9 
   9 
  12 
  11 
  11 
  12 
   9 
  11 
  12 
   9 
   9 
   9 
  12 
  11 
  12 
  11 
   8 
  11 
  25 
 387 
 527 
 246 
 152 
 189 
  16 
  38 
  59 
 127 
  39 
  27 
  24 
  20 
  15 
  11 
  12 
  11 
  11 
   9 
  13 
  11 
  13 
  19 
  16 
  16 
  13 
  17 
  16 
  15 
  13 
  15 
  12 
  24 
  15 
  17 
  16 
  23 
  13 
  21 
  12 
  19 
  15 
  16 
  13 
  19 
  24 
  16 
  19 
  16 
  13 
  17 
  12 
  17 
  15 
  21 
  13 
  16 
  16 
  31 
  29 
  13 
  16 
  17 
   9 
  16 
  11 
  12 
  20 
  19 
  54 
  75 
  28 
  13 
  15 
  12 
  13 
  19 
  12 
  19 
  15 
  13 
  16 
  15 
  17 
  16 
  13 
  11 
  17 
  12 
  13 
  13 
  13 
  11 
  17 
  20 
  11 
   8 
   9 
  12 
  32 
  23 
   8 
  24 
  15 
 172 
  15 
   9 
  12 
   9 
  11 
  11 
  12 
   9 
  11 
  11 
  11 
  12 
   9 
  11 
  11 
   9 
  11 
   8 
  12 
   9 
   8 
   9 
  11 
  11 
   9 
  11 
  13 
  11 
   8 
  11 
   9 
  11 
   8 
   9 
  12 
   8 
   9 
   9 
  11 
  11 
   8 
  12 
  11 
   9 
  11 
  11 
   9 
   9 
  11 
  11 
  12 
   9 
   9 
   9 
  12 
   9 
  11 
   9 
   9 
  13 
   9 
  12 
  13 
   9 
   9 
   8 
   9 
   8 
   9 
  11 
  11 
   8 
  11 
  13 
   9 
  12 
  13 
   9 
  11 
  11 
  11 
  12 
  11 
   9 
  12 
  12 
 15 
 13 
 11 
 45 
 21 
 48 
  9 
 13 
 15 
  9 
 12 
  8 
 15 
 11 
 11 
  9 
 11 
  5 
  9 
  9 
  8 
  8 
 11 
 11 
  9 
 11 
  8 
 11 
 11 
  8 
  9 
  9 
 11 
 12 
  9 
 11 
 11 
  9 
  8 
  7 
 11 
  9 
  9 
  9 
  9 
 11 
  9 
 11 
 11 
 11 
 11 
  9 
  7 
  8 
 11 
  9 
  8 
  9 
  8 
 11 
 12 
  9 
  8 
  9 
  9 
  9 
  9 
  7 
 11 
  8 
 11 
 12 
 12 
  9 
  8 
  9 
  9 
 11 
 11 
  9 
  9 
  9 
  9 
 11 
 11 
 11 
  9 
 11 
 12 
 11 
  9 
 12 
 11 
  9 
  9 
 12 
  15 
  13 
  16 
 828 
 311 
  17 
  12 
  31 
  38 
  15 
  16 
  58 
  12 
  13 
  15 
  12 
  12 
  15 
  19 
  16 
  15 
  12 
  11 
  13 
  15 
  12 
  16 
  13 
  15 
  12 
  23 
  16 
  15 
  15 
  12 
  12 
  12 
  17 
  16 
  12 
  13 
  13 
  13 
  12 
  15 
  15 
  12 
  12 
  12 
  16 
  12 
  15 
  15 
  15 
  15 
  13 
   9 
  25 
  12 
  13 
  11 
  15 
  13 
  15 
  11 
  12 
  13 
  11 
  12 
  11 
  16 
  16 
  15 
  13 
  12 
  15 
  13 
  11 
  12 
  15 
  12 
   9 
  13 
  13 
  11 
  11 
  13 
  13 
  12 
  12 
  15 
  12 
  13 
  12 
  15 
  13 
 11 
 12 
 11 
 12 
 19 
 29 
 11 
 12 
 42 
 11 
 12 
 12 
  8 
  9 
  8 
 11 
  9 
  8 
  9 
  8 
 11 
 12 
 11 
 11 
 13 
  9 
  8 
  9 
  9 
 12 
 11 
  9 
  8 
 11 
 11 
 12 
 11 
 11 
  9 
  9 
 12 
 11 
 12 
  9 
  8 
  9 
 11 
  9 
 15 
  9 
 11 
  9 
  7 
  8 
  7 
 11 
  8 
  8 
  9 
  8 
 11 
 13 
  8 
 13 
 12 
  9 
  9 
 12 
  9 
  9 
  8 
  9 
 11 
 20 
 15 
 25 
  7 
  9 
 11 
  9 
  9 
  9 
 11 
  9 
 13 
  9 
  8 
  9 
 11 
  9 
  8 
 11 
 11 
  9 
 12 
 11 
