   832 
  6206 
  9260 
  7592 
 12370 
 12051 
 14809 
 28204 
 10353 
  2782 
    30 
    42 
   213 
  2172 
  3777 
  6908 
  8587 
  5235 
  9454 
 17984 
  3817 
  2288 
   655 
   169 
   127 
   457 
  2021 
  1906 
  5056 
  7924 
  9823 
  9373 
   165 
    63 
   156 
    50 
   166 
   551 
  2651 
  1482 
  5792 
 10329 
  8926 
  6825 
  1546 
   110 
    47 
    38 
    98 
   892 
   911 
  4982 
  5819 
 12333 
 12763 
 12888 
  1655 
   311 
    79 
    43 
    70 
   152 
   330 
   608 
  2077 
  1307 
  3907 
  2975 
  4258 
   561 
   114 
    40 
    38 
    41 
    45 
   583 
   503 
   460 
   480 
   499 
   126 
    44 
    35 
    39 
    62 
    79 
   242 
   268 
   240 
   291 
   219 
   183 
    75 
    38 
    35 
    17 
  7169 
  1617 
  7092 
  9354 
 15609 
 13409 
 12336 
 14788 
    31 
   425 
   439 
   220 
  2573 
  5544 
  2631 
  9073 
 12268 
 14818 
 26695 
 14339 
 11079 
  2286 
  7038 
  1013 
   370 
  1268 
  6569 
  1251 
 19631 
 18127 
 15643 
 26301 
 12118 
   629 
    15 
    15 
  1806 
  1681 
 10917 
 16722 
 22161 
 18766 
 23503 
 19643 
  3812 
   466 
    90 
    42 
   513 
   669 
  2020 
 16989 
 20991 
 17119 
 21528 
 17148 
  1588 
   189 
    86 
    35 
   796 
  1195 
  2322 
  8564 
  2610 
 10549 
 14203 
 10483 
  1192 
   521 
    86 
    46 
   793 
   457 
  5860 
 11429 
    13 
    17 
  8369 
  9718 
  4147 
   655 
   293 
    46 
  1447 
   530 
   792 
    17 
    13 
    17 
  6196 
  5433 
  1280 
   554 
   184 
    95 
  12 
  11 
   9 
  17 
  13 
  49 
  11 
  23 
  13 
  13 
  11 
  12 
  13 
  11 
  12 
  13 
  15 
  11 
  12 
   9 
  12 
   8 
   9 
 161 
  13 
  12 
  11 
   9 
  11 
   9 
  11 
  11 
   9 
  11 
  13 
  11 
  12 
  12 
  13 
   9 
   9 
   9 
   9 
  13 
   9 
   9 
  16 
  12 
  11 
  12 
  11 
   8 
  11 
   9 
   8 
  11 
  12 
   7 
  11 
  13 
  12 
  11 
   7 
  11 
  11 
  12 
  12 
   8 
   8 
  11 
   9 
  13 
  13 
  12 
  11 
  13 
  12 
  11 
  11 
  11 
  13 
  12 
  12 
  13 
  12 
  13 
  11 
  11 
  12 
  13 
  11 
  11 
  12 
  11 
  11 
  12 
  25 
 452 
  44 
 205 
 322 
 147 
  13 
 275 
  16 
 199 
 111 
  25 
  24 
  17 
  17 
  12 
  12 
   9 
  11 
  11 
  11 
  15 
  12 
  17 
  16 
  17 
  15 
  17 
  12 
  16 
  17 
  15 
  15 
  19 
  17 
  17 
  16 
  24 
  15 
  21 
  15 
  21 
  16 
  15 
  19 
  13 
  23 
  19 
  21 
  16 
  16 
  20 
  13 
  11 
  13 
  21 
  19 
  13 
  16 
  35 
  32 
  20 
  17 
  16 
  15 
  15 
  13 
  11 
  15 
  16 
  56 
  74 
  29 
  12 
  15 
  13 
  16 
  15 
  19 
  19 
  16 
  13 
  19 
  15 
  29 
  13 
  11 
  13 
  19 
  12 
  13 
  12 
  12 
  11 
  23 
  21 
  12 
   9 
  12 
  12 
  23 
  29 
   8 
  32 
   9 
 220 
  12 
  13 
  12 
  11 
   8 
   8 
   9 
   9 
  11 
   9 
  11 
  11 
  11 
  11 
  12 
  11 
  13 
  12 
   9 
   9 
   9 
   9 
  12 
  11 
  11 
  11 
   9 
   9 
   7 
   9 
   8 
   8 
   9 
  12 
   8 
   8 
   9 
  11 
  13 
  11 
  12 
   9 
  11 
   9 
  12 
   9 
   9 
   9 
   9 
  12 
   9 
   8 
   9 
  11 
   9 
   9 
   8 
  11 
  11 
  11 
  11 
   8 
   9 
   8 
   5 
   9 
   9 
   8 
  11 
   9 
   8 
  11 
  11 
   9 
  11 
  11 
   9 
   9 
  12 
   8 
  11 
   9 
   9 
   9 
  11 
  12 
  9 
 12 
 12 
 30 
 20 
 25 
 12 
 34 
 24 
 11 
 11 
  9 
 11 
 13 
 11 
  9 
 12 
 11 
 11 
 11 
 11 
 12 
  8 
 12 
 12 
 12 
  9 
  8 
  9 
  8 
  9 
 11 
  9 
  9 
  8 
 11 
  9 
  9 
  8 
  9 
  9 
 11 
 12 
 12 
  8 
  8 
  9 
 12 
 12 
  8 
  9 
  9 
  8 
 11 
 12 
 11 
  8 
 11 
 11 
 11 
 11 
 11 
  9 
 11 
 11 
  8 
  9 
 12 
 11 
 11 
 12 
 11 
 12 
  9 
  8 
  8 
 11 
  9 
  9 
  9 
 11 
  8 
 12 
 11 
 12 
  7 
 11 
 11 
  9 
 11 
  9 
  9 
  9 
 11 
  9 
 15 
  13 
  19 
  16 
 858 
 315 
  15 
  15 
  19 
  51 
  36 
  17 
  71 
  15 
  15 
  19 
  15 
  15 
  15 
  17 
  16 
  16 
  15 
  17 
  36 
  17 
  16 
  17 
  13 
  16 
  13 
  21 
  21 
  17 
  16 
  13 
  12 
  16 
  16 
  19 
  12 
  13 
  16 
  13 
  13 
  15 
  17 
  13 
  16 
  15 
  17 
  16 
  21 
  13 
  15 
  15 
  16 
  13 
  24 
  16 
  17 
  12 
  13 
  15 
  13 
  15 
  12 
  15 
  15 
  13 
  13 
  12 
  15 
  15 
  12 
  16 
  13 
  12 
  17 
  13 
  12 
  16 
  15 
  15 
  13 
  16 
  13 
  16 
  13 
  12 
  11 
  13 
  12 
  15 
  12 
  13 
  15 
  8 
 12 
 11 
 13 
 19 
 19 
 13 
 17 
 40 
 13 
 11 
  9 
 12 
 11 
 13 
  9 
 11 
  9 
 13 
  9 
 11 
  9 
 12 
 15 
 11 
  9 
 11 
 11 
 12 
  7 
  9 
  9 
 11 
  9 
  9 
 11 
 12 
 11 
 11 
  9 
  7 
  9 
 12 
  9 
  9 
  9 
  9 
  9 
 12 
  9 
  8 
  8 
  8 
 11 
  9 
  8 
 11 
  9 
  9 
  9 
 12 
 11 
  9 
 11 
 12 
  8 
  8 
  8 
  9 
 11 
  9 
 11 
 15 
 20 
 11 
 21 
  9 
  9 
  8 
  9 
  8 
  8 
  8 
 11 
 15 
 13 
 11 
 12 
 11 
  9 
 12 
 11 
 12 
  9 
 11 
  9 
