   821 
  5535 
  7842 
  5382 
  8216 
 10327 
 11035 
 20048 
  7551 
  2457 
    36 
    16 
   156 
  1080 
  1986 
  3589 
  4664 
  3067 
  6210 
 10550 
  2292 
  1322 
   393 
   149 
   102 
   461 
  1670 
  1825 
  5384 
  8279 
  9170 
 10003 
   173 
    59 
   160 
    48 
   101 
   301 
  1451 
   960 
  3447 
  5630 
  5293 
  4488 
  1064 
    72 
    35 
    31 
    66 
   462 
   562 
  2885 
  3967 
  6409 
  7420 
  7917 
  1007 
   165 
    52 
    40 
    60 
    93 
   207 
   411 
  1505 
   795 
  2813 
  1937 
  2979 
   337 
    76 
    39 
    45 
    40 
    50 
   658 
   592 
   526 
   589 
   573 
   129 
    36 
    30 
    43 
    69 
    93 
   276 
   317 
   261 
   318 
   267 
   235 
    91 
    44 
    42 
    16 
  5274 
  1285 
  5248 
  7486 
 12047 
 11010 
 10405 
 12069 
   428 
   529 
   396 
   227 
  1994 
  4666 
  1633 
  6552 
  8554 
  9572 
 12573 
  7814 
  6705 
  1518 
  3648 
   741 
   196 
   808 
  3526 
  1301 
 10567 
 11415 
  9486 
 16718 
  7665 
   357 
    15 
    13 
  1004 
  1114 
  6258 
 10068 
 12461 
 11879 
 13766 
 12162 
  2385 
   258 
    62 
    36 
   326 
   376 
  1269 
  7188 
 14384 
 11070 
 14320 
  9474 
  1075 
   126 
    66 
    35 
   466 
   729 
  1411 
  5150 
  1825 
  6508 
  8428 
  6384 
   848 
   409 
    71 
    40 
   543 
   277 
  3432 
  6529 
    16 
    13 
  5685 
  6619 
  2746 
   432 
   234 
    39 
   906 
   293 
   531 
    15 
    13 
    16 
  3742 
  3604 
   905 
   373 
   110 
    74 
   9 
  12 
  11 
  12 
  13 
  46 
  12 
 195 
  50 
  12 
   9 
  13 
  12 
   9 
  12 
  11 
   9 
  11 
  12 
   9 
  11 
  11 
  11 
 152 
  12 
   9 
  11 
   8 
  11 
   9 
   9 
  11 
  11 
   9 
  11 
  13 
  13 
  12 
  13 
  11 
  11 
   9 
   9 
   9 
  11 
  11 
  13 
   9 
  11 
   9 
  12 
  11 
   9 
  13 
  11 
   9 
  11 
  11 
  11 
  13 
  11 
  11 
  12 
  12 
  11 
  12 
  12 
  11 
   9 
  11 
   8 
  15 
  11 
  12 
  12 
  11 
  12 
  12 
  11 
  11 
  12 
   8 
  12 
  12 
  12 
  12 
  13 
   9 
  11 
  13 
  11 
  11 
  13 
   9 
   9 
  13 
  23 
 347 
  30 
 240 
 522 
 176 
  16 
 882 
 858 
 165 
 274 
  28 
  23 
  19 
  12 
  13 
  11 
   9 
   9 
  12 
  15 
  15 
  12 
  19 
  19 
  17 
  15 
  19 
  16 
  17 
  19 
  15 
  13 
  20 
  16 
  15 
  19 
  25 
  17 
  20 
  17 
  20 
  16 
  19 
  17 
  15 
  23 
  23 
  19 
  19 
  17 
  17 
  15 
  11 
  13 
  25 
  17 
  17 
  15 
  32 
  36 
  19 
  16 
  17 
  13 
  12 
  13 
  11 
  19 
  19 
  54 
  93 
  33 
  16 
  11 
  16 
  17 
  16 
  15 
  19 
  16 
  16 
  20 
  16 
  26 
  12 
  15 
  13 
  17 
  13 
   9 
  15 
  12 
  11 
  24 
  19 
  11 
   9 
  12 
  12 
  36 
  40 
   9 
  78 
  43 
 458 
  11 
   9 
  12 
  11 
   9 
   9 
   9 
   9 
   9 
   8 
   8 
   8 
  11 
  11 
  12 
   8 
   9 
   8 
  13 
  11 
  12 
  12 
   9 
   9 
  11 
   9 
  12 
   9 
  11 
  11 
  11 
   8 
   8 
   7 
   8 
   8 
  11 
   9 
  11 
  11 
   8 
  12 
   9 
   8 
  11 
  12 
   8 
   8 
  11 
  11 
  11 
   9 
   9 
  12 
   8 
   8 
   9 
  12 
  11 
   8 
   8 
  11 
   9 
  12 
  11 
   8 
   9 
   8 
  11 
  11 
   8 
  11 
  12 
  11 
  12 
   9 
  12 
   8 
  12 
  11 
  11 
   9 
  12 
  12 
  11 
   9 
 11 
 12 
  9 
 24 
 17 
 26 
 11 
 40 
 25 
 13 
  7 
  9 
  9 
 11 
 11 
  8 
 13 
 11 
 13 
  9 
 12 
  8 
 11 
 11 
 12 
  9 
 11 
 11 
  7 
  9 
  7 
  9 
  8 
 11 
  9 
 11 
  8 
  8 
  7 
  9 
  9 
  8 
  9 
 11 
  9 
  8 
  9 
  8 
  8 
  7 
 11 
  9 
  7 
 11 
 11 
  9 
  9 
  9 
  8 
 11 
 12 
  8 
  9 
 11 
  9 
  8 
  8 
 11 
 12 
 11 
  8 
  9 
  8 
  9 
  8 
  9 
 11 
  7 
  9 
  9 
 11 
  8 
  9 
 11 
 11 
 11 
  9 
 13 
  9 
  8 
 11 
  9 
  8 
  9 
 15 
 11 
   15 
   15 
   17 
 1086 
  139 
   15 
   16 
   17 
   36 
   39 
   15 
   58 
   13 
   12 
   17 
   16 
   17 
   15 
   16 
   13 
   15 
   16 
    9 
   23 
   13 
   13 
   21 
   12 
   12 
   13 
   21 
   19 
   19 
   16 
   15 
   12 
   12 
   16 
   15 
   15 
   16 
   15 
   13 
   15 
   15 
   16 
   13 
   15 
   11 
   16 
   15 
   17 
   12 
   13 
   16 
   17 
   12 
   23 
   17 
   13 
   12 
   13 
   16 
   13 
   12 
   11 
   12 
   11 
    9 
    8 
   11 
   16 
   16 
   13 
   13 
   12 
   11 
   12 
   13 
   12 
   13 
   12 
   15 
   13 
   13 
   13 
   15 
   16 
   13 
   15 
   13 
   13 
   13 
   11 
   15 
   17 
 12 
 12 
 12 
 11 
 19 
 15 
 13 
 46 
 62 
  9 
 12 
 12 
 11 
 12 
  9 
 11 
 12 
 11 
 11 
  8 
  9 
 12 
 11 
 13 
 15 
 11 
  8 
  9 
  9 
 11 
  9 
  8 
 12 
 11 
  9 
 12 
 13 
  9 
  8 
  9 
  7 
  9 
 12 
 11 
  8 
 12 
 11 
  9 
 11 
  9 
 11 
  8 
 11 
  8 
  7 
  9 
 11 
  9 
 11 
  9 
 11 
 15 
  8 
 13 
  9 
  9 
 11 
 11 
 11 
  9 
  9 
 11 
 19 
 15 
 12 
 24 
  9 
  7 
  9 
 11 
 11 
  9 
  9 
 16 
 13 
  8 
 11 
 11 
  9 
  8 
 13 
 11 
 11 
  7 
 12 
 12 
