   382 
  1886 
  2060 
  3881 
  5732 
  4622 
  6209 
 11688 
  3959 
   994 
    25 
    17 
   335 
  2769 
  4874 
  7845 
  9893 
  4974 
 10323 
 14040 
  2847 
  3261 
   624 
    35 
    45 
   205 
   681 
   628 
  1386 
  2471 
  3602 
   726 
    35 
    47 
   107 
   111 
   205 
   698 
  2505 
   446 
  4881 
 10937 
  4974 
  1338 
   973 
    64 
    56 
   101 
   139 
   699 
  1093 
  2871 
  4562 
 10243 
  8317 
  3573 
  2145 
   502 
   136 
    54 
   135 
   221 
   311 
   592 
  1559 
  1411 
  2864 
  2630 
  2918 
   498 
   166 
   114 
    34 
    95 
    53 
   282 
   199 
   221 
   243 
   221 
    79 
    70 
    36 
    30 
    26 
    52 
   139 
   128 
    93 
   138 
    83 
   126 
    40 
    36 
    25 
    15 
  2509 
  1182 
  2904 
  3506 
  6842 
  5466 
  4590 
  4866 
    35 
   178 
    99 
    66 
  5327 
 10545 
  2541 
 12398 
 14035 
 17568 
 18278 
 13893 
 11072 
  2436 
  1845 
   107 
   434 
  2098 
  4113 
   676 
 16492 
 13926 
  9383 
 15488 
  6996 
  1017 
    16 
    16 
  2607 
  1121 
  5760 
  8905 
 18840 
 15173 
 11859 
  7284 
  2515 
   840 
    98 
    74 
   722 
   550 
  1233 
  7920 
  7331 
  9285 
 10671 
  4398 
   701 
   372 
    63 
    42 
  2204 
  1845 
  1966 
  2934 
  1130 
  5965 
  6780 
  5911 
  1201 
   160 
    50 
    38 
   937 
   200 
  3510 
  6245 
    15 
    15 
  4786 
  4567 
  3183 
   717 
   138 
    52 
  1122 
   788 
   942 
    13 
    12 
    13 
  4464 
  4081 
  1851 
   796 
   258 
    86 
  13 
  12 
  12 
  16 
  16 
  37 
  11 
  30 
   9 
  11 
   9 
   8 
  12 
  13 
   9 
   9 
   7 
   9 
   9 
   9 
  12 
  13 
  12 
 196 
  12 
  11 
   9 
   8 
   9 
   8 
   9 
   9 
  12 
  11 
  12 
  13 
  13 
  11 
  11 
   8 
   9 
   9 
  11 
  11 
   9 
  11 
   8 
  11 
   9 
  13 
   7 
  11 
  15 
   8 
  11 
   9 
   9 
   8 
   9 
   9 
  12 
  15 
  12 
  11 
  11 
   8 
  11 
   9 
  11 
  12 
  12 
  12 
  12 
   8 
  11 
  13 
   9 
  12 
   9 
   8 
  11 
   9 
   9 
  12 
  13 
  12 
  12 
  13 
  11 
  12 
  11 
  12 
  11 
  12 
  11 
   9 
  23 
 431 
 558 
 233 
 221 
 299 
  15 
  95 
  62 
 192 
  44 
  20 
  20 
  19 
  11 
  13 
  12 
  11 
   8 
  11 
  16 
  12 
   9 
  20 
  17 
  16 
  15 
  20 
  15 
  16 
  13 
  13 
  16 
  17 
  16 
  16 
  21 
  23 
  12 
  23 
  16 
  19 
  16 
  15 
  16 
  23 
  17 
  17 
  16 
  13 
  13 
  19 
  13 
  15 
  19 
  20 
  16 
  15 
  15 
  34 
  36 
  21 
  21 
  15 
  12 
  12 
  12 
  13 
  17 
  17 
  48 
  86 
  32 
  15 
  13 
  17 
  11 
  16 
  13 
  15 
  19 
  15 
  19 
  15 
  19 
  11 
  12 
  11 
  17 
  12 
  12 
  13 
  12 
  11 
  16 
  16 
  11 
   9 
   9 
   9 
  26 
  36 
  12 
  17 
  20 
 141 
  21 
  11 
  11 
  11 
   8 
   5 
   8 
   9 
  12 
  12 
  11 
  11 
  11 
   9 
  12 
   8 
   9 
   9 
   9 
   8 
   7 
  16 
   7 
   9 
  11 
   8 
  11 
   9 
   9 
  12 
   8 
   8 
  12 
  11 
  11 
   8 
   8 
  11 
  12 
   8 
   9 
  11 
   9 
  12 
   9 
   8 
  12 
   8 
  12 
  12 
   9 
   8 
  11 
   9 
  11 
   9 
  11 
   9 
  11 
  12 
   8 
   8 
  13 
  12 
  11 
   9 
  11 
   9 
   9 
   8 
   7 
  12 
   9 
   8 
   9 
  11 
   9 
  15 
   9 
   9 
  11 
   9 
   9 
   8 
   9 
  11 
 12 
 11 
  9 
 44 
 20 
 26 
  8 
 11 
 15 
 12 
  9 
 13 
 13 
  5 
  8 
  9 
  9 
  9 
 11 
  9 
 11 
  7 
  9 
 11 
  8 
  9 
  9 
  9 
  7 
  8 
  9 
 11 
 13 
  8 
  9 
 11 
  8 
  9 
 11 
  9 
 11 
  8 
 11 
  9 
 11 
 11 
  9 
 11 
 12 
  8 
 12 
  7 
  8 
  8 
  9 
 11 
 11 
  8 
  9 
 12 
  9 
  9 
  8 
 11 
  8 
  7 
 11 
 11 
 11 
  8 
 11 
 12 
 12 
  9 
  8 
  8 
  8 
  8 
  8 
  9 
  8 
 11 
  9 
 12 
  9 
 11 
  9 
  8 
  8 
  9 
  9 
 12 
  9 
 11 
  9 
 11 
  12 
 228 
  15 
 742 
 326 
  13 
  13 
  20 
  68 
  12 
  19 
  17 
  12 
  11 
  12 
  15 
  17 
  15 
  17 
  13 
  17 
  13 
  15 
  19 
  12 
  11 
  17 
  17 
  12 
  16 
  23 
   9 
  19 
  17 
  15 
  15 
  13 
  15 
  16 
  12 
  15 
  13 
  15 
  16 
  15 
  11 
  13 
  13 
  15 
  12 
  16 
  17 
  11 
  15 
  13 
  16 
  15 
  23 
  15 
  12 
  11 
  12 
  12 
  11 
  15 
  12 
  13 
  13 
  13 
  12 
  12 
  17 
  13 
  16 
  13 
  19 
  11 
  13 
  12 
  13 
  12 
  11 
  13 
  12 
  16 
  12 
  16 
  17 
  11 
  16 
  13 
  13 
  12 
  15 
  16 
  13 
 11 
 11 
  9 
 13 
 12 
 23 
 11 
 12 
 34 
 11 
  9 
  9 
 12 
  9 
 12 
  9 
  9 
 11 
  8 
  9 
  9 
 12 
  9 
 11 
 11 
 11 
  9 
 11 
  8 
  8 
 11 
 11 
  9 
  9 
 11 
 12 
  9 
 11 
  8 
 11 
  8 
  8 
  7 
 11 
  8 
  8 
  9 
 11 
 15 
 11 
 11 
 11 
  9 
  8 
  8 
  8 
 11 
  9 
  8 
  9 
  9 
  9 
  8 
 11 
 11 
  8 
 11 
  8 
  7 
  8 
  9 
 12 
 15 
 17 
 12 
 24 
  8 
 11 
  8 
  8 
  9 
 11 
  9 
  9 
 12 
 11 
  8 
 11 
  9 
  8 
  8 
  9 
 11 
  8 
  8 
 12 
