   723 
  6002 
  8715 
  7522 
 12051 
 11514 
 14509 
 27863 
 10088 
  2649 
    31 
    27 
   270 
  2867 
  4874 
  9162 
 10668 
  6688 
 12763 
 22930 
  4628 
  3116 
   939 
   195 
   131 
   412 
  1923 
  1786 
  4568 
  7261 
  9023 
  8053 
   146 
    63 
   140 
    56 
   219 
   660 
  3169 
  1602 
  6630 
 12126 
 10843 
  7106 
  1719 
   125 
    58 
    47 
   111 
  1069 
  1097 
  5750 
  5961 
 14980 
 15622 
 15676 
  1883 
   389 
    91 
    48 
    93 
   175 
   376 
   644 
  2172 
  1496 
  4120 
  3436 
  4762 
   688 
   150 
    56 
    38 
    44 
    46 
   555 
   523 
   450 
   491 
   531 
   134 
    46 
    35 
    43 
    57 
    72 
   217 
   250 
   212 
   245 
   195 
   165 
    62 
    38 
    34 
    17 
  6948 
  1576 
  6861 
  9098 
 15193 
 13178 
 11545 
 14074 
    32 
   368 
   412 
   193 
  3689 
  8456 
  3566 
 13340 
 17115 
 22250 
 36930 
 19533 
 15825 
  3255 
  7926 
   960 
   489 
  1514 
  7380 
  1121 
 23550 
 20170 
 18038 
 28535 
 13505 
   749 
    15 
    12 
  2496 
  2049 
 12663 
 18433 
 26911 
 21396 
 26356 
 21554 
  4373 
   525 
   111 
    46 
   673 
   774 
  2382 
 22563 
 25454 
 19756 
 27014 
 19773 
  1863 
   227 
    95 
    48 
  1118 
  1636 
  2841 
 10484 
  2996 
 12509 
 18132 
 13763 
  1361 
   591 
    95 
    47 
   971 
   572 
  7326 
 13814 
    19 
    21 
 10042 
 12005 
  5138 
   837 
   260 
    55 
  1814 
   674 
   955 
    16 
    13 
    15 
  7639 
  6557 
  1663 
   691 
   244 
   117 
  11 
  11 
  11 
  13 
   9 
  40 
  11 
  17 
  12 
  12 
  12 
  13 
  12 
  11 
  11 
  11 
  12 
   9 
  12 
   9 
  12 
  11 
  13 
 169 
  13 
  11 
   9 
  12 
   9 
  11 
  11 
   8 
  15 
   9 
  11 
  13 
  11 
  11 
  11 
   8 
  11 
  11 
   8 
   8 
   9 
  12 
  15 
  11 
  11 
  11 
  12 
   9 
  12 
   9 
   8 
  11 
  12 
  12 
  11 
  13 
  13 
   8 
   9 
   9 
  11 
  11 
  11 
   9 
   7 
   9 
  11 
  13 
   9 
  11 
  11 
   9 
   8 
  11 
   9 
   9 
  11 
  12 
   9 
  11 
  12 
  11 
  11 
  12 
  11 
  13 
  12 
   9 
  12 
  11 
  13 
  12 
  23 
 506 
  29 
 217 
 273 
 154 
  12 
  54 
  40 
  58 
  38 
  27 
  21 
  19 
  16 
  11 
  15 
  12 
  13 
  15 
  16 
  17 
  16 
  16 
  17 
  19 
  12 
  16 
  16 
  15 
  19 
  15 
  16 
  23 
  17 
  17 
  15 
  26 
  20 
  23 
  19 
  19 
  19 
  19 
  20 
  20 
  20 
  24 
  19 
  15 
  15 
  16 
  15 
  12 
  16 
  21 
  16 
  17 
  16 
  38 
  36 
  16 
  17 
  15 
  12 
  13 
  12 
  13 
  20 
  16 
  62 
  94 
  34 
  13 
  19 
  13 
  13 
  15 
  16 
  19 
  15 
  16 
  17 
  16 
  24 
  11 
  12 
  17 
  17 
  15 
   9 
  13 
  13 
  11 
  24 
  21 
  9 
 11 
 12 
  9 
 21 
 45 
  9 
  9 
  9 
 98 
 12 
  9 
 15 
 13 
  9 
  9 
  8 
 11 
 11 
  8 
  9 
  9 
 11 
 11 
 12 
 12 
  9 
 12 
  9 
 12 
 12 
 12 
 11 
 11 
 11 
 15 
 11 
 12 
  9 
  8 
  8 
 11 
  9 
 11 
  9 
  9 
 13 
 11 
 12 
  9 
  9 
  9 
  9 
  8 
  9 
 11 
 13 
 11 
 11 
 12 
  8 
  9 
  8 
  8 
 11 
  8 
  8 
 11 
  9 
 11 
  9 
 12 
 11 
 11 
  8 
 11 
 12 
  8 
  8 
  8 
 11 
  9 
  7 
 11 
 12 
 12 
 11 
 12 
  9 
 12 
 13 
  8 
 12 
 11 
 12 
 13 
 15 
 12 
 12 
 20 
 20 
 42 
  9 
 13 
 12 
 11 
 12 
 13 
 11 
 11 
 12 
  9 
  9 
  9 
 11 
 11 
 11 
  9 
 11 
 11 
  8 
 11 
 11 
  8 
  9 
  7 
  9 
  8 
  9 
 11 
 12 
 11 
 11 
  7 
  7 
 11 
 11 
 12 
  9 
 11 
 11 
  9 
  9 
 15 
  9 
  9 
  9 
 11 
  8 
  9 
  9 
  9 
 11 
 11 
 11 
  9 
 12 
 11 
  8 
  9 
 11 
  9 
  9 
 11 
  9 
 12 
  9 
 11 
 11 
  9 
 12 
  9 
 11 
  5 
  7 
  9 
 11 
 11 
  8 
 11 
 11 
 12 
  8 
  8 
 11 
  9 
 11 
  9 
 12 
  9 
 13 
 12 
  11 
  15 
  15 
 760 
 317 
  17 
  15 
  16 
  20 
  16 
  17 
  50 
  12 
  11 
  16 
  16 
  15 
  19 
  17 
  15 
  13 
  15 
  12 
  17 
  15 
  16 
  17 
  13 
  13 
  11 
  20 
  13 
  15 
  13 
  15 
  12 
  13 
  19 
  16 
  15 
  13 
  17 
  15 
  15 
  15 
  13 
  12 
  13 
  13 
  12 
  13 
  19 
  15 
  13 
  15 
  16 
  15 
  27 
  13 
  16 
  12 
  12 
  17 
  13 
  13 
  11 
  13 
  13 
  13 
  12 
  13 
  15 
  16 
  12 
  15 
  12 
  11 
  11 
  11 
  12 
  12 
  11 
  15 
  12 
  13 
  11 
   9 
  16 
  12 
  13 
  15 
  13 
  16 
  13 
  13 
  15 
 12 
  9 
  9 
 11 
 16 
 20 
  9 
 13 
 42 
 15 
 13 
 12 
 11 
 12 
 11 
 12 
 12 
  9 
 11 
  9 
 11 
 11 
 15 
  9 
 13 
  8 
  9 
 12 
  9 
  9 
  8 
  9 
 11 
 12 
 12 
 11 
 13 
  9 
  9 
  8 
 11 
 12 
  9 
 11 
  9 
  8 
  9 
 12 
 12 
 11 
  8 
  9 
  8 
  9 
  9 
  7 
  8 
  9 
 11 
  9 
  8 
 16 
 12 
 11 
 11 
 11 
  9 
  9 
 12 
 12 
  9 
 12 
 19 
 21 
 13 
 24 
  9 
 11 
 11 
 11 
  9 
  8 
 11 
 11 
 11 
 12 
 12 
 12 
 11 
 11 
 11 
  8 
 11 
 11 
  8 
 13 
